1, 20200225  00:00:00, 1.08609, 1.086025, 1.086085, 1.086035,
1, 20200225  00:01:00, 1.08607, 1.086025, 1.086035, 1.086035,
1, 20200225  00:02:00, 1.086045, 1.085935, 1.086035, 1.085945,
1, 20200225  00:03:00, 1.085955, 1.085935, 1.085945, 1.085945,
1, 20200225  00:04:00, 1.085955, 1.085935, 1.085945, 1.085945,
1, 20200225  00:05:00, 1.085955, 1.085935, 1.085945, 1.085955,
1, 20200225  00:06:00, 1.086015, 1.085945, 1.085955, 1.085995,
1, 20200225  00:07:00, 1.086005, 1.08596, 1.085995, 1.08599,
1, 20200225  00:08:00, 1.086005, 1.08599, 1.08599, 1.086005,
1, 20200225  00:09:00, 1.086005, 1.085985, 1.086005, 1.085985,
1, 20200225  00:10:00, 1.086005, 1.085985, 1.085985, 1.086005,
1, 20200225  00:11:00, 1.086005, 1.085985, 1.086005, 1.086005,
1, 20200225  00:12:00, 1.08601, 1.086005, 1.086005, 1.086005,
1, 20200225  00:13:00, 1.08601, 1.08596, 1.086005, 1.086005,
1, 20200225  00:14:00, 1.086005, 1.08598, 1.086005, 1.08598,
1, 20200225  00:15:00, 1.085995, 1.085945, 1.08598, 1.08595,
1, 20200225  00:16:00, 1.085955, 1.085885, 1.08595, 1.085895,
1, 20200225  00:17:00, 1.0859, 1.08589, 1.085895, 1.085895,
1, 20200225  00:18:00, 1.08594, 1.085895, 1.085895, 1.0859,
1, 20200225  00:19:00, 1.085905, 1.08585, 1.0859, 1.08585,
1, 20200225  00:20:00, 1.085855, 1.085835, 1.08585, 1.085855,
1, 20200225  00:21:00, 1.085855, 1.08584, 1.085855, 1.085845,
1, 20200225  00:22:00, 1.085855, 1.085785, 1.085845, 1.0858,
1, 20200225  00:23:00, 1.085805, 1.0858, 1.0858, 1.0858,
1, 20200225  00:24:00, 1.085805, 1.085785, 1.0858, 1.085805,
1, 20200225  00:25:00, 1.085805, 1.085715, 1.085805, 1.085745,
1, 20200225  00:26:00, 1.085765, 1.085705, 1.085745, 1.085735,
1, 20200225  00:27:00, 1.085735, 1.085635, 1.085735, 1.085645,
1, 20200225  00:28:00, 1.085645, 1.085555, 1.085645, 1.085595,
1, 20200225  00:29:00, 1.085595, 1.08554, 1.085595, 1.085545,
1, 20200225  00:30:00, 1.085595, 1.085495, 1.085545, 1.08554,
1, 20200225  00:31:00, 1.085545, 1.08545, 1.08554, 1.085485,
1, 20200225  00:32:00, 1.085495, 1.08545, 1.085485, 1.085455,
1, 20200225  00:33:00, 1.085455, 1.08537, 1.085455, 1.085385,
1, 20200225  00:34:00, 1.085425, 1.085385, 1.085385, 1.085405,
1, 20200225  00:35:00, 1.085435, 1.085385, 1.085405, 1.08542,
1, 20200225  00:36:00, 1.085495, 1.085415, 1.08542, 1.085455,
1, 20200225  00:37:00, 1.085515, 1.085455, 1.085455, 1.085515,
1, 20200225  00:38:00, 1.085525, 1.085505, 1.085515, 1.08552,
1, 20200225  00:39:00, 1.085525, 1.08551, 1.08552, 1.08551,
1, 20200225  00:40:00, 1.085515, 1.085345, 1.08551, 1.08536,
1, 20200225  00:41:00, 1.08536, 1.085295, 1.08536, 1.085295,
1, 20200225  00:42:00, 1.085345, 1.085295, 1.085295, 1.085325,
1, 20200225  00:43:00, 1.085325, 1.085265, 1.085325, 1.0853,
1, 20200225  00:44:00, 1.085305, 1.085215, 1.0853, 1.08528,
1, 20200225  00:45:00, 1.085335, 1.08528, 1.08528, 1.08531,
1, 20200225  00:46:00, 1.085365, 1.085255, 1.08531, 1.085255,
1, 20200225  00:47:00, 1.08528, 1.08522, 1.085255, 1.085225,
1, 20200225  00:48:00, 1.085255, 1.08522, 1.085225, 1.08524,
1, 20200225  00:49:00, 1.08526, 1.085215, 1.08524, 1.085245,
1, 20200225  00:50:00, 1.085305, 1.085245, 1.085245, 1.085305,
1, 20200225  00:51:00, 1.085315, 1.085255, 1.085305, 1.085275,
1, 20200225  00:52:00, 1.085315, 1.08527, 1.085275, 1.08531,
1, 20200225  00:53:00, 1.085345, 1.085305, 1.08531, 1.08533,
1, 20200225  00:54:00, 1.085365, 1.085325, 1.08533, 1.08536,
1, 20200225  00:55:00, 1.085365, 1.085305, 1.08536, 1.085315,
1, 20200225  00:56:00, 1.08532, 1.085275, 1.085315, 1.085275,
1, 20200225  00:57:00, 1.085285, 1.085235, 1.085275, 1.085245,
1, 20200225  00:58:00, 1.085305, 1.08519, 1.085245, 1.085195,
1, 20200225  00:59:00, 1.085205, 1.085085, 1.085195, 1.08511,
1, 20200225  01:00:00, 1.085155, 1.0851, 1.08511, 1.085145,
1, 20200225  01:01:00, 1.085225, 1.085145, 1.085145, 1.08519,
1, 20200225  01:02:00, 1.08519, 1.085105, 1.08519, 1.085155,
1, 20200225  01:03:00, 1.085215, 1.085155, 1.085155, 1.085205,
1, 20200225  01:04:00, 1.085215, 1.085125, 1.085205, 1.085155,
1, 20200225  01:05:00, 1.08519, 1.085155, 1.085155, 1.085165,
1, 20200225  01:06:00, 1.085175, 1.085155, 1.085165, 1.085155,
1, 20200225  01:07:00, 1.085175, 1.085035, 1.085155, 1.085055,
1, 20200225  01:08:00, 1.085105, 1.084975, 1.085055, 1.085015,
1, 20200225  01:09:00, 1.085065, 1.084995, 1.085015, 1.085015,
1, 20200225  01:10:00, 1.085065, 1.084965, 1.085015, 1.084965,
1, 20200225  01:11:00, 1.08502, 1.084945, 1.084965, 1.08502,
1, 20200225  01:12:00, 1.085075, 1.08501, 1.08502, 1.085055,
1, 20200225  01:13:00, 1.08519, 1.085015, 1.085055, 1.085165,
1, 20200225  01:14:00, 1.085245, 1.085125, 1.085165, 1.085165,
1, 20200225  01:15:00, 1.08519, 1.08507, 1.085165, 1.085085,
1, 20200225  01:16:00, 1.085185, 1.085075, 1.085085, 1.085175,
1, 20200225  01:17:00, 1.085195, 1.085125, 1.085175, 1.08516,
1, 20200225  01:18:00, 1.08519, 1.085115, 1.08516, 1.08513,
1, 20200225  01:19:00, 1.085295, 1.085125, 1.08513, 1.085275,
1, 20200225  01:20:00, 1.085295, 1.085235, 1.085275, 1.085255,
1, 20200225  01:21:00, 1.085295, 1.085245, 1.085255, 1.085255,
1, 20200225  01:22:00, 1.085275, 1.085225, 1.085255, 1.08525,
1, 20200225  01:23:00, 1.08528, 1.085225, 1.08525, 1.085275,
1, 20200225  01:24:00, 1.08528, 1.085225, 1.085275, 1.085235,
1, 20200225  01:25:00, 1.08537, 1.08523, 1.085235, 1.085345,
1, 20200225  01:26:00, 1.085435, 1.08532, 1.085345, 1.085435,
1, 20200225  01:27:00, 1.085455, 1.08537, 1.085435, 1.085395,
1, 20200225  01:28:00, 1.085475, 1.08537, 1.085395, 1.08546,
1, 20200225  01:29:00, 1.085525, 1.08542, 1.08546, 1.085525,
1, 20200225  01:30:00, 1.085695, 1.08549, 1.085525, 1.08568,
1, 20200225  01:31:00, 1.08572, 1.085575, 1.08568, 1.08572,
1, 20200225  01:32:00, 1.085765, 1.0857, 1.08572, 1.08576,
1, 20200225  01:33:00, 1.08576, 1.085655, 1.08576, 1.085655,
1, 20200225  01:34:00, 1.085715, 1.085615, 1.085655, 1.085685,
1, 20200225  01:35:00, 1.08569, 1.08554, 1.085685, 1.085545,
1, 20200225  01:36:00, 1.085615, 1.085505, 1.085545, 1.085525,
1, 20200225  01:37:00, 1.085545, 1.08545, 1.085525, 1.085455,
1, 20200225  01:38:00, 1.085455, 1.085455, 1.085455, 1.085455,
1, 20200225  01:39:00, 1.085535, 1.085455, 1.085455, 1.08551,
1, 20200225  01:40:00, 1.085545, 1.08545, 1.08551, 1.085515,
1, 20200225  01:41:00, 1.085525, 1.085485, 1.085515, 1.085515,
1, 20200225  01:42:00, 1.085535, 1.085495, 1.085515, 1.085515,
1, 20200225  01:43:00, 1.08557, 1.085505, 1.085515, 1.085525,
1, 20200225  01:44:00, 1.085575, 1.085305, 1.085525, 1.085365,
1, 20200225  01:45:00, 1.085365, 1.085135, 1.085365, 1.08525,
1, 20200225  01:46:00, 1.085525, 1.0852, 1.08525, 1.08541,
1, 20200225  01:47:00, 1.085415, 1.085195, 1.08541, 1.085255,
1, 20200225  01:48:00, 1.085275, 1.085145, 1.085255, 1.085165,
1, 20200225  01:49:00, 1.08532, 1.085165, 1.085165, 1.085315,
1, 20200225  01:50:00, 1.085415, 1.085295, 1.085315, 1.085405,
1, 20200225  01:51:00, 1.085415, 1.085365, 1.085405, 1.085385,
1, 20200225  01:52:00, 1.085515, 1.085385, 1.085385, 1.085515,
1, 20200225  01:53:00, 1.085565, 1.085485, 1.085515, 1.085505,
1, 20200225  01:54:00, 1.085505, 1.08536, 1.085505, 1.085395,
1, 20200225  01:55:00, 1.085395, 1.085325, 1.085395, 1.085365,
1, 20200225  01:56:00, 1.085365, 1.085035, 1.085365, 1.085075,
1, 20200225  01:57:00, 1.08517, 1.08502, 1.085075, 1.08511,
1, 20200225  01:58:00, 1.085245, 1.085105, 1.08511, 1.085225,
1, 20200225  01:59:00, 1.085225, 1.085115, 1.085225, 1.085195,
1, 20200225  02:00:00, 1.08528, 1.084885, 1.085195, 1.08505,
1, 20200225  02:01:00, 1.085195, 1.08501, 1.08505, 1.085175,
1, 20200225  02:02:00, 1.08521, 1.0851, 1.085175, 1.085175,
1, 20200225  02:03:00, 1.08519, 1.085015, 1.085175, 1.085045,
1, 20200225  02:04:00, 1.085145, 1.085015, 1.085045, 1.08502,
1, 20200225  02:05:00, 1.08502, 1.084915, 1.08502, 1.084945,
1, 20200225  02:06:00, 1.084945, 1.08484, 1.084945, 1.084895,
1, 20200225  02:07:00, 1.08497, 1.084875, 1.084895, 1.08495,
1, 20200225  02:08:00, 1.08504, 1.084895, 1.08495, 1.084955,
1, 20200225  02:09:00, 1.084955, 1.084915, 1.084955, 1.084925,
1, 20200225  02:10:00, 1.08501, 1.084915, 1.084925, 1.084955,
1, 20200225  02:11:00, 1.084955, 1.084765, 1.084955, 1.084825,
1, 20200225  02:12:00, 1.084945, 1.08482, 1.084825, 1.084925,
1, 20200225  02:13:00, 1.085015, 1.084905, 1.084925, 1.084925,
1, 20200225  02:14:00, 1.085105, 1.084915, 1.084925, 1.0851,
1, 20200225  02:15:00, 1.085205, 1.085075, 1.0851, 1.085195,
1, 20200225  02:16:00, 1.085215, 1.08506, 1.085195, 1.085065,
1, 20200225  02:17:00, 1.085105, 1.08499, 1.085065, 1.085055,
1, 20200225  02:18:00, 1.085105, 1.085035, 1.085055, 1.085055,
1, 20200225  02:19:00, 1.085175, 1.085035, 1.085055, 1.085155,
1, 20200225  02:20:00, 1.085155, 1.08504, 1.085155, 1.08515,
1, 20200225  02:21:00, 1.085195, 1.08508, 1.08515, 1.085145,
1, 20200225  02:22:00, 1.085155, 1.085095, 1.085145, 1.08515,
1, 20200225  02:23:00, 1.085215, 1.085135, 1.08515, 1.085195,
1, 20200225  02:24:00, 1.085325, 1.085175, 1.085195, 1.085325,
1, 20200225  02:25:00, 1.08541, 1.085325, 1.085325, 1.085345,
1, 20200225  02:26:00, 1.08545, 1.085305, 1.085345, 1.085315,
1, 20200225  02:27:00, 1.085455, 1.085275, 1.085315, 1.085405,
1, 20200225  02:28:00, 1.085525, 1.085385, 1.085405, 1.085515,
1, 20200225  02:29:00, 1.085545, 1.085405, 1.085515, 1.085405,
1, 20200225  02:30:00, 1.085405, 1.085145, 1.085405, 1.085145,
1, 20200225  02:31:00, 1.085145, 1.084885, 1.085145, 1.084895,
1, 20200225  02:32:00, 1.084925, 1.084795, 1.084895, 1.084875,
1, 20200225  02:33:00, 1.085055, 1.084855, 1.084875, 1.085055,
1, 20200225  02:34:00, 1.085055, 1.084875, 1.085055, 1.084885,
1, 20200225  02:35:00, 1.084925, 1.084865, 1.084885, 1.084885,
1, 20200225  02:36:00, 1.084915, 1.084845, 1.084885, 1.084905,
1, 20200225  02:37:00, 1.085015, 1.08488, 1.084905, 1.085015,
1, 20200225  02:38:00, 1.085085, 1.084995, 1.085015, 1.085015,
1, 20200225  02:39:00, 1.085015, 1.08493, 1.085015, 1.08493,
1, 20200225  02:40:00, 1.085065, 1.08493, 1.08493, 1.085015,
1, 20200225  02:41:00, 1.085215, 1.08501, 1.085015, 1.085165,
1, 20200225  02:42:00, 1.085415, 1.085165, 1.085165, 1.085385,
1, 20200225  02:43:00, 1.085615, 1.085385, 1.085385, 1.085565,
1, 20200225  02:44:00, 1.085685, 1.085545, 1.085565, 1.08563,
1, 20200225  02:45:00, 1.085845, 1.085625, 1.08563, 1.085825,
1, 20200225  02:46:00, 1.085825, 1.085655, 1.085825, 1.085715,
1, 20200225  02:47:00, 1.085755, 1.085645, 1.085715, 1.085645,
1, 20200225  02:48:00, 1.085805, 1.085645, 1.085645, 1.085775,
1, 20200225  02:49:00, 1.085865, 1.085645, 1.085775, 1.085695,
1, 20200225  02:50:00, 1.085725, 1.085615, 1.085695, 1.08566,
1, 20200225  02:51:00, 1.085915, 1.08563, 1.08566, 1.085875,
1, 20200225  02:52:00, 1.085875, 1.085765, 1.085875, 1.085805,
1, 20200225  02:53:00, 1.08581, 1.085575, 1.085805, 1.08559,
1, 20200225  02:54:00, 1.08559, 1.085305, 1.08559, 1.085425,
1, 20200225  02:55:00, 1.085425, 1.085255, 1.085425, 1.085265,
1, 20200225  02:56:00, 1.085575, 1.085265, 1.085265, 1.085575,
1, 20200225  02:57:00, 1.085575, 1.085415, 1.085575, 1.085425,
1, 20200225  02:58:00, 1.085505, 1.08537, 1.085425, 1.08545,
1, 20200225  02:59:00, 1.085475, 1.08528, 1.08545, 1.08536,
1, 20200225  03:00:00, 1.085365, 1.08511, 1.08536, 1.085215,
1, 20200225  03:01:00, 1.085315, 1.08502, 1.085215, 1.085315,
1, 20200225  03:02:00, 1.085325, 1.08511, 1.085315, 1.085175,
1, 20200225  03:03:00, 1.085315, 1.085135, 1.085175, 1.085225,
1, 20200225  03:04:00, 1.085275, 1.085125, 1.085225, 1.085175,
1, 20200225  03:05:00, 1.085315, 1.085125, 1.085175, 1.085255,
1, 20200225  03:06:00, 1.085255, 1.085165, 1.085255, 1.085175,
1, 20200225  03:07:00, 1.085395, 1.085175, 1.085175, 1.08537,
1, 20200225  03:08:00, 1.085455, 1.085195, 1.08537, 1.085305,
1, 20200225  03:09:00, 1.085545, 1.08528, 1.085305, 1.085485,
1, 20200225  03:10:00, 1.08554, 1.085225, 1.085485, 1.085425,
1, 20200225  03:11:00, 1.085575, 1.085405, 1.085425, 1.08554,
1, 20200225  03:12:00, 1.085595, 1.085475, 1.08554, 1.085575,
1, 20200225  03:13:00, 1.085615, 1.085325, 1.085575, 1.08537,
1, 20200225  03:14:00, 1.085475, 1.085365, 1.08537, 1.085475,
1, 20200225  03:15:00, 1.08552, 1.085415, 1.085475, 1.08546,
1, 20200225  03:16:00, 1.08563, 1.085415, 1.08546, 1.085425,
1, 20200225  03:17:00, 1.085595, 1.085415, 1.085425, 1.085575,
1, 20200225  03:18:00, 1.085645, 1.085575, 1.085575, 1.085635,
1, 20200225  03:19:00, 1.085635, 1.08545, 1.085635, 1.08554,
1, 20200225  03:20:00, 1.085595, 1.08546, 1.08554, 1.085495,
1, 20200225  03:21:00, 1.085685, 1.085475, 1.085495, 1.085685,
1, 20200225  03:22:00, 1.086045, 1.085675, 1.085685, 1.085985,
1, 20200225  03:23:00, 1.086015, 1.085845, 1.085985, 1.085865,
1, 20200225  03:24:00, 1.085985, 1.085865, 1.085865, 1.08598,
1, 20200225  03:25:00, 1.086085, 1.085815, 1.08598, 1.086085,
1, 20200225  03:26:00, 1.086365, 1.086065, 1.086085, 1.086305,
1, 20200225  03:27:00, 1.086365, 1.086155, 1.086305, 1.086185,
1, 20200225  03:28:00, 1.086285, 1.086145, 1.086185, 1.08618,
1, 20200225  03:29:00, 1.086485, 1.08618, 1.08618, 1.086385,
1, 20200225  03:30:00, 1.086575, 1.086335, 1.086385, 1.086375,
1, 20200225  03:31:00, 1.086535, 1.086365, 1.086375, 1.086425,
1, 20200225  03:32:00, 1.086575, 1.086425, 1.086425, 1.086525,
1, 20200225  03:33:00, 1.086525, 1.086335, 1.086525, 1.08639,
1, 20200225  03:34:00, 1.086425, 1.086105, 1.08639, 1.086185,
1, 20200225  03:35:00, 1.08621, 1.086085, 1.086185, 1.086115,
1, 20200225  03:36:00, 1.086345, 1.08607, 1.086115, 1.086265,
1, 20200225  03:37:00, 1.086455, 1.086215, 1.086265, 1.086435,
1, 20200225  03:38:00, 1.086555, 1.08639, 1.086435, 1.086515,
1, 20200225  03:39:00, 1.086595, 1.086475, 1.086515, 1.086505,
1, 20200225  03:40:00, 1.08651, 1.08629, 1.086505, 1.086405,
1, 20200225  03:41:00, 1.086425, 1.086265, 1.086405, 1.086405,
1, 20200225  03:42:00, 1.086405, 1.086215, 1.086405, 1.086275,
1, 20200225  03:43:00, 1.08628, 1.08615, 1.086275, 1.08616,
1, 20200225  03:44:00, 1.086375, 1.08616, 1.08616, 1.086335,
1, 20200225  03:45:00, 1.086465, 1.086265, 1.086335, 1.086355,
1, 20200225  03:46:00, 1.086565, 1.086355, 1.086355, 1.08656,
1, 20200225  03:47:00, 1.086565, 1.086465, 1.08656, 1.086565,
1, 20200225  03:48:00, 1.08659, 1.086365, 1.086565, 1.086395,
1, 20200225  03:49:00, 1.086505, 1.086395, 1.086395, 1.086465,
1, 20200225  03:50:00, 1.086465, 1.086355, 1.086465, 1.086385,
1, 20200225  03:51:00, 1.08642, 1.08633, 1.086385, 1.086345,
1, 20200225  03:52:00, 1.08651, 1.086335, 1.086345, 1.086495,
1, 20200225  03:53:00, 1.086505, 1.08642, 1.086495, 1.086425,
1, 20200225  03:54:00, 1.086455, 1.086405, 1.086425, 1.086425,
1, 20200225  03:55:00, 1.086445, 1.086295, 1.086425, 1.086365,
1, 20200225  03:56:00, 1.086525, 1.086365, 1.086365, 1.086525,
1, 20200225  03:57:00, 1.086595, 1.086495, 1.086525, 1.086575,
1, 20200225  03:58:00, 1.086595, 1.086275, 1.086575, 1.08633,
1, 20200225  03:59:00, 1.086475, 1.08633, 1.08633, 1.086355,
1, 20200225  04:00:00, 1.086395, 1.086275, 1.086355, 1.086305,
1, 20200225  04:01:00, 1.086395, 1.086265, 1.086305, 1.08633,
1, 20200225  04:02:00, 1.086525, 1.086285, 1.08633, 1.08651,
1, 20200225  04:03:00, 1.086595, 1.08651, 1.08651, 1.086565,
1, 20200225  04:04:00, 1.086595, 1.086565, 1.086565, 1.086575,
1, 20200225  04:05:00, 1.086595, 1.086525, 1.086575, 1.086575,
1, 20200225  04:06:00, 1.086595, 1.08625, 1.086575, 1.086335,
1, 20200225  04:07:00, 1.08642, 1.086185, 1.086335, 1.086215,
1, 20200225  04:08:00, 1.086475, 1.086215, 1.086215, 1.086465,
1, 20200225  04:09:00, 1.086595, 1.086385, 1.086465, 1.086505,
1, 20200225  04:10:00, 1.08657, 1.086375, 1.086505, 1.086375,
1, 20200225  04:11:00, 1.086425, 1.086325, 1.086375, 1.086385,
1, 20200225  04:12:00, 1.086435, 1.086245, 1.086385, 1.086375,
1, 20200225  04:13:00, 1.08642, 1.086055, 1.086375, 1.086095,
1, 20200225  04:14:00, 1.086105, 1.085925, 1.086095, 1.086005,
1, 20200225  04:15:00, 1.086075, 1.085855, 1.086005, 1.0859,
1, 20200225  04:16:00, 1.085925, 1.085805, 1.0859, 1.085895,
1, 20200225  04:17:00, 1.086005, 1.085845, 1.085895, 1.085855,
1, 20200225  04:18:00, 1.085875, 1.085765, 1.085855, 1.085875,
1, 20200225  04:19:00, 1.086215, 1.085865, 1.085875, 1.086175,
1, 20200225  04:20:00, 1.086375, 1.086175, 1.086175, 1.086335,
1, 20200225  04:21:00, 1.086425, 1.086315, 1.086335, 1.086375,
1, 20200225  04:22:00, 1.086505, 1.08637, 1.086375, 1.086435,
1, 20200225  04:23:00, 1.086435, 1.086215, 1.086435, 1.08624,
1, 20200225  04:24:00, 1.086275, 1.086055, 1.08624, 1.086065,
1, 20200225  04:25:00, 1.086105, 1.085955, 1.086065, 1.085985,
1, 20200225  04:26:00, 1.085995, 1.085805, 1.085985, 1.085845,
1, 20200225  04:27:00, 1.08585, 1.085565, 1.085845, 1.085605,
1, 20200225  04:28:00, 1.085625, 1.08554, 1.085605, 1.085605,
1, 20200225  04:29:00, 1.0858, 1.085605, 1.085605, 1.085785,
1, 20200225  04:30:00, 1.085785, 1.08566, 1.085785, 1.085665,
1, 20200225  04:31:00, 1.085805, 1.085605, 1.085665, 1.0858,
1, 20200225  04:32:00, 1.085925, 1.08577, 1.0858, 1.085925,
1, 20200225  04:33:00, 1.086005, 1.085895, 1.085925, 1.0859,
1, 20200225  04:34:00, 1.086025, 1.085735, 1.0859, 1.085775,
1, 20200225  04:35:00, 1.086045, 1.085775, 1.085775, 1.086015,
1, 20200225  04:36:00, 1.086085, 1.085915, 1.086015, 1.085935,
1, 20200225  04:37:00, 1.085965, 1.085805, 1.085935, 1.085835,
1, 20200225  04:38:00, 1.085855, 1.085715, 1.085835, 1.08572,
1, 20200225  04:39:00, 1.085855, 1.08572, 1.08572, 1.085755,
1, 20200225  04:40:00, 1.085765, 1.085685, 1.085755, 1.085715,
1, 20200225  04:41:00, 1.085745, 1.085575, 1.085715, 1.085615,
1, 20200225  04:42:00, 1.08566, 1.085515, 1.085615, 1.08552,
1, 20200225  04:43:00, 1.085545, 1.085225, 1.08552, 1.085395,
1, 20200225  04:44:00, 1.085475, 1.085385, 1.085395, 1.08542,
1, 20200225  04:45:00, 1.085435, 1.085195, 1.08542, 1.085225,
1, 20200225  04:46:00, 1.085225, 1.085085, 1.085225, 1.085155,
1, 20200225  04:47:00, 1.085195, 1.085015, 1.085155, 1.085155,
1, 20200225  04:48:00, 1.08527, 1.085075, 1.085155, 1.085255,
1, 20200225  04:49:00, 1.085385, 1.085235, 1.085255, 1.085325,
1, 20200225  04:50:00, 1.085335, 1.085135, 1.085325, 1.085165,
1, 20200225  04:51:00, 1.085275, 1.085125, 1.085165, 1.085135,
1, 20200225  04:52:00, 1.085165, 1.085015, 1.085135, 1.085105,
1, 20200225  04:53:00, 1.085175, 1.08501, 1.085105, 1.085015,
1, 20200225  04:54:00, 1.085055, 1.084875, 1.085015, 1.084965,
1, 20200225  04:55:00, 1.085105, 1.084965, 1.084965, 1.084985,
1, 20200225  04:56:00, 1.085055, 1.084925, 1.084985, 1.08501,
1, 20200225  04:57:00, 1.085105, 1.084985, 1.08501, 1.085045,
1, 20200225  04:58:00, 1.085075, 1.084905, 1.085045, 1.084965,
1, 20200225  04:59:00, 1.085105, 1.084955, 1.084965, 1.085055,
1, 20200225  05:00:00, 1.085065, 1.084805, 1.085055, 1.084805,
1, 20200225  05:01:00, 1.084845, 1.084665, 1.084805, 1.084665,
1, 20200225  05:02:00, 1.084665, 1.084605, 1.084665, 1.084615,
1, 20200225  05:03:00, 1.084625, 1.084275, 1.084615, 1.084355,
1, 20200225  05:04:00, 1.08458, 1.08432, 1.084355, 1.08458,
1, 20200225  05:05:00, 1.08458, 1.084545, 1.08458, 1.084575,
1, 20200225  05:06:00, 1.084575, 1.084475, 1.084575, 1.084475,
1, 20200225  05:07:00, 1.084665, 1.08447, 1.084475, 1.084595,
1, 20200225  05:08:00, 1.084615, 1.084375, 1.084595, 1.084405,
1, 20200225  05:09:00, 1.084415, 1.08422, 1.084405, 1.08431,
1, 20200225  05:10:00, 1.084375, 1.08423, 1.08431, 1.084265,
1, 20200225  05:11:00, 1.084465, 1.084255, 1.084265, 1.084405,
1, 20200225  05:12:00, 1.084475, 1.084375, 1.084405, 1.084465,
1, 20200225  05:13:00, 1.084505, 1.08432, 1.084465, 1.084485,
1, 20200225  05:14:00, 1.084485, 1.084355, 1.084485, 1.084385,
1, 20200225  05:15:00, 1.084575, 1.084365, 1.084385, 1.084525,
1, 20200225  05:16:00, 1.084525, 1.084355, 1.084525, 1.084425,
1, 20200225  05:17:00, 1.084475, 1.084375, 1.084425, 1.084475,
1, 20200225  05:18:00, 1.084535, 1.084415, 1.084475, 1.084435,
1, 20200225  05:19:00, 1.084435, 1.084175, 1.084435, 1.084285,
1, 20200225  05:20:00, 1.084375, 1.08423, 1.084285, 1.084315,
1, 20200225  05:21:00, 1.08449, 1.084225, 1.084315, 1.084465,
1, 20200225  05:22:00, 1.084575, 1.084445, 1.084465, 1.084545,
1, 20200225  05:23:00, 1.084575, 1.084265, 1.084545, 1.084295,
1, 20200225  05:24:00, 1.084295, 1.08402, 1.084295, 1.084055,
1, 20200225  05:25:00, 1.084225, 1.084015, 1.084055, 1.084055,
1, 20200225  05:26:00, 1.084155, 1.08401, 1.084055, 1.084095,
1, 20200225  05:27:00, 1.084155, 1.08405, 1.084095, 1.084135,
1, 20200225  05:28:00, 1.084135, 1.084005, 1.084135, 1.084055,
1, 20200225  05:29:00, 1.084105, 1.083825, 1.084055, 1.083835,
1, 20200225  05:30:00, 1.083855, 1.083725, 1.083835, 1.083765,
1, 20200225  05:31:00, 1.083835, 1.083615, 1.083765, 1.083695,
1, 20200225  05:32:00, 1.083905, 1.08361, 1.083695, 1.083675,
1, 20200225  05:33:00, 1.083695, 1.083565, 1.083675, 1.083655,
1, 20200225  05:34:00, 1.083765, 1.083615, 1.083655, 1.083765,
1, 20200225  05:35:00, 1.08378, 1.083655, 1.083765, 1.083725,
1, 20200225  05:36:00, 1.083745, 1.08361, 1.083725, 1.083745,
1, 20200225  05:37:00, 1.083875, 1.083745, 1.083745, 1.083875,
1, 20200225  05:38:00, 1.084055, 1.083875, 1.083875, 1.08401,
1, 20200225  05:39:00, 1.084015, 1.083855, 1.08401, 1.08388,
1, 20200225  05:40:00, 1.08388, 1.083695, 1.08388, 1.083755,
1, 20200225  05:41:00, 1.083755, 1.083495, 1.083755, 1.083625,
1, 20200225  05:42:00, 1.083765, 1.083625, 1.083625, 1.083755,
1, 20200225  05:43:00, 1.083915, 1.083715, 1.083755, 1.083905,
1, 20200225  05:44:00, 1.083935, 1.083805, 1.083905, 1.083855,
1, 20200225  05:45:00, 1.083935, 1.083855, 1.083855, 1.083915,
1, 20200225  05:46:00, 1.083975, 1.083855, 1.083915, 1.083975,
1, 20200225  05:47:00, 1.083975, 1.083805, 1.083975, 1.083905,
1, 20200225  05:48:00, 1.083965, 1.08385, 1.083905, 1.08396,
1, 20200225  05:49:00, 1.083965, 1.083915, 1.08396, 1.083915,
1, 20200225  05:50:00, 1.083975, 1.083725, 1.083915, 1.083755,
1, 20200225  05:51:00, 1.083815, 1.08375, 1.083755, 1.08378,
1, 20200225  05:52:00, 1.08381, 1.083765, 1.08378, 1.083805,
1, 20200225  05:53:00, 1.083945, 1.083755, 1.083805, 1.083915,
1, 20200225  05:54:00, 1.083915, 1.083705, 1.083915, 1.08378,
1, 20200225  05:55:00, 1.083875, 1.083745, 1.08378, 1.083765,
1, 20200225  05:56:00, 1.08381, 1.083695, 1.083765, 1.083695,
1, 20200225  05:57:00, 1.083695, 1.083555, 1.083695, 1.083655,
1, 20200225  05:58:00, 1.083855, 1.083655, 1.083655, 1.08379,
1, 20200225  05:59:00, 1.08387, 1.083765, 1.08379, 1.083805,
1, 20200225  06:00:00, 1.083895, 1.083805, 1.083805, 1.083875,
1, 20200225  06:01:00, 1.084065, 1.08387, 1.083875, 1.084055,
1, 20200225  06:02:00, 1.084055, 1.083875, 1.084055, 1.083905,
1, 20200225  06:03:00, 1.083925, 1.083765, 1.083905, 1.083765,
1, 20200225  06:04:00, 1.083765, 1.083465, 1.083765, 1.083465,
1, 20200225  06:05:00, 1.083615, 1.083415, 1.083465, 1.083545,
1, 20200225  06:06:00, 1.083555, 1.083435, 1.083545, 1.083525,
1, 20200225  06:07:00, 1.083685, 1.08352, 1.083525, 1.083655,
1, 20200225  06:08:00, 1.08379, 1.083655, 1.083655, 1.083785,
1, 20200225  06:09:00, 1.083785, 1.083665, 1.083785, 1.08367,
1, 20200225  06:10:00, 1.083675, 1.083595, 1.08367, 1.083655,
1, 20200225  06:11:00, 1.083665, 1.083525, 1.083655, 1.083525,
1, 20200225  06:12:00, 1.083525, 1.083435, 1.083525, 1.083505,
1, 20200225  06:13:00, 1.083595, 1.083465, 1.083505, 1.083495,
1, 20200225  06:14:00, 1.083565, 1.083445, 1.083495, 1.083495,
1, 20200225  06:15:00, 1.083495, 1.083175, 1.083495, 1.08326,
1, 20200225  06:16:00, 1.083485, 1.083245, 1.08326, 1.083435,
1, 20200225  06:17:00, 1.083435, 1.083345, 1.083435, 1.083395,
1, 20200225  06:18:00, 1.083485, 1.083365, 1.083395, 1.083455,
1, 20200225  06:19:00, 1.083475, 1.083335, 1.083455, 1.083375,
1, 20200225  06:20:00, 1.083395, 1.083345, 1.083375, 1.083345,
1, 20200225  06:21:00, 1.083405, 1.083345, 1.083345, 1.083395,
1, 20200225  06:22:00, 1.083395, 1.08324, 1.083395, 1.083275,
1, 20200225  06:23:00, 1.083415, 1.083215, 1.083275, 1.083395,
1, 20200225  06:24:00, 1.083395, 1.083265, 1.083395, 1.08333,
1, 20200225  06:25:00, 1.083435, 1.08333, 1.08333, 1.083375,
1, 20200225  06:26:00, 1.083385, 1.083305, 1.083375, 1.083315,
1, 20200225  06:27:00, 1.083365, 1.08326, 1.083315, 1.08326,
1, 20200225  06:28:00, 1.083305, 1.083215, 1.08326, 1.08326,
1, 20200225  06:29:00, 1.08326, 1.083175, 1.08326, 1.083205,
1, 20200225  06:30:00, 1.08331, 1.083195, 1.083205, 1.083265,
1, 20200225  06:31:00, 1.083305, 1.083265, 1.083265, 1.083295,
1, 20200225  06:32:00, 1.083325, 1.08317, 1.083295, 1.083275,
1, 20200225  06:33:00, 1.083275, 1.083065, 1.083275, 1.08308,
1, 20200225  06:34:00, 1.083215, 1.08308, 1.08308, 1.083165,
1, 20200225  06:35:00, 1.083245, 1.083125, 1.083165, 1.083165,
1, 20200225  06:36:00, 1.083215, 1.083125, 1.083165, 1.08321,
1, 20200225  06:37:00, 1.083225, 1.08314, 1.08321, 1.083155,
1, 20200225  06:38:00, 1.083225, 1.08311, 1.083155, 1.083215,
1, 20200225  06:39:00, 1.083345, 1.083205, 1.083215, 1.083265,
1, 20200225  06:40:00, 1.083285, 1.08308, 1.083265, 1.083105,
1, 20200225  06:41:00, 1.083155, 1.083025, 1.083105, 1.083115,
1, 20200225  06:42:00, 1.083265, 1.08309, 1.083115, 1.08326,
1, 20200225  06:43:00, 1.083415, 1.083245, 1.08326, 1.083415,
1, 20200225  06:44:00, 1.083415, 1.083305, 1.083415, 1.083305,
1, 20200225  06:45:00, 1.083465, 1.08327, 1.083305, 1.083455,
1, 20200225  06:46:00, 1.08361, 1.083395, 1.083455, 1.083585,
1, 20200225  06:47:00, 1.083845, 1.083585, 1.083585, 1.083835,
1, 20200225  06:48:00, 1.083835, 1.08355, 1.083835, 1.083615,
1, 20200225  06:49:00, 1.083665, 1.083545, 1.083615, 1.08361,
1, 20200225  06:50:00, 1.083665, 1.083545, 1.08361, 1.083615,
1, 20200225  06:51:00, 1.083615, 1.083485, 1.083615, 1.083515,
1, 20200225  06:52:00, 1.083595, 1.083485, 1.083515, 1.08359,
1, 20200225  06:53:00, 1.083615, 1.083525, 1.08359, 1.083555,
1, 20200225  06:54:00, 1.083625, 1.08353, 1.083555, 1.083625,
1, 20200225  06:55:00, 1.083755, 1.083595, 1.083625, 1.083745,
1, 20200225  06:56:00, 1.083745, 1.083695, 1.083745, 1.083695,
1, 20200225  06:57:00, 1.08373, 1.083665, 1.083695, 1.0837,
1, 20200225  06:58:00, 1.0837, 1.083575, 1.0837, 1.083585,
1, 20200225  06:59:00, 1.083745, 1.08353, 1.083585, 1.083695,
1, 20200225  07:00:00, 1.083805, 1.083665, 1.083695, 1.083735,
1, 20200225  07:01:00, 1.083755, 1.08366, 1.083735, 1.083715,
1, 20200225  07:02:00, 1.083725, 1.083495, 1.083715, 1.083565,
1, 20200225  07:03:00, 1.083615, 1.083505, 1.083565, 1.083545,
1, 20200225  07:04:00, 1.083565, 1.083415, 1.083545, 1.083415,
1, 20200225  07:05:00, 1.083435, 1.083365, 1.083415, 1.083395,
1, 20200225  07:06:00, 1.083405, 1.083305, 1.083395, 1.083325,
1, 20200225  07:07:00, 1.083345, 1.083275, 1.083325, 1.083335,
1, 20200225  07:08:00, 1.083345, 1.083295, 1.083335, 1.083325,
1, 20200225  07:09:00, 1.083335, 1.083145, 1.083325, 1.083245,
1, 20200225  07:10:00, 1.083265, 1.083175, 1.083245, 1.08326,
1, 20200225  07:11:00, 1.083505, 1.08326, 1.08326, 1.083465,
1, 20200225  07:12:00, 1.08352, 1.083435, 1.083465, 1.083455,
1, 20200225  07:13:00, 1.083505, 1.083455, 1.083455, 1.083505,
1, 20200225  07:14:00, 1.08361, 1.08347, 1.083505, 1.083595,
1, 20200225  07:15:00, 1.083635, 1.08352, 1.083595, 1.083525,
1, 20200225  07:16:00, 1.083675, 1.08352, 1.083525, 1.083625,
1, 20200225  07:17:00, 1.083675, 1.083615, 1.083625, 1.083675,
1, 20200225  07:18:00, 1.083675, 1.08361, 1.083675, 1.08361,
1, 20200225  07:19:00, 1.083725, 1.083585, 1.08361, 1.083725,
1, 20200225  07:20:00, 1.083755, 1.083675, 1.083725, 1.083735,
1, 20200225  07:21:00, 1.083755, 1.0837, 1.083735, 1.083725,
1, 20200225  07:22:00, 1.08378, 1.083625, 1.083725, 1.083755,
1, 20200225  07:23:00, 1.083765, 1.083525, 1.083755, 1.08356,
1, 20200225  07:24:00, 1.083655, 1.083475, 1.08356, 1.083485,
1, 20200225  07:25:00, 1.083585, 1.083435, 1.083485, 1.083575,
1, 20200225  07:26:00, 1.083585, 1.083525, 1.083575, 1.083585,
1, 20200225  07:27:00, 1.083585, 1.083435, 1.083585, 1.083455,
1, 20200225  07:28:00, 1.083485, 1.083435, 1.083455, 1.083465,
1, 20200225  07:29:00, 1.083575, 1.083465, 1.083465, 1.083525,
1, 20200225  07:30:00, 1.08355, 1.083435, 1.083525, 1.083475,
1, 20200225  07:31:00, 1.083495, 1.083435, 1.083475, 1.083455,
1, 20200225  07:32:00, 1.083465, 1.083435, 1.083455, 1.083465,
1, 20200225  07:33:00, 1.083525, 1.083455, 1.083465, 1.08352,
1, 20200225  07:34:00, 1.083685, 1.083505, 1.08352, 1.083675,
1, 20200225  07:35:00, 1.083675, 1.083545, 1.083675, 1.083625,
1, 20200225  07:36:00, 1.083625, 1.083455, 1.083625, 1.08346,
1, 20200225  07:37:00, 1.083555, 1.08346, 1.08346, 1.083495,
1, 20200225  07:38:00, 1.083585, 1.083465, 1.083495, 1.083565,
1, 20200225  07:39:00, 1.083575, 1.083475, 1.083565, 1.08352,
1, 20200225  07:40:00, 1.083565, 1.083475, 1.08352, 1.083475,
1, 20200225  07:41:00, 1.083635, 1.083475, 1.083475, 1.083615,
1, 20200225  07:42:00, 1.0837, 1.083585, 1.083615, 1.08361,
1, 20200225  07:43:00, 1.083735, 1.083595, 1.08361, 1.083675,
1, 20200225  07:44:00, 1.083825, 1.08367, 1.083675, 1.083805,
1, 20200225  07:45:00, 1.083835, 1.083585, 1.083805, 1.083695,
1, 20200225  07:46:00, 1.083725, 1.083635, 1.083695, 1.083725,
1, 20200225  07:47:00, 1.083735, 1.08353, 1.083725, 1.083565,
1, 20200225  07:48:00, 1.083565, 1.083455, 1.083565, 1.083545,
1, 20200225  07:49:00, 1.083575, 1.08343, 1.083545, 1.083485,
1, 20200225  07:50:00, 1.08357, 1.083465, 1.083485, 1.083525,
1, 20200225  07:51:00, 1.083645, 1.083525, 1.083525, 1.08357,
1, 20200225  07:52:00, 1.083615, 1.083555, 1.08357, 1.083575,
1, 20200225  07:53:00, 1.08361, 1.083015, 1.083575, 1.08305,
1, 20200225  07:54:00, 1.083375, 1.08305, 1.08305, 1.0833,
1, 20200225  07:55:00, 1.083475, 1.083295, 1.0833, 1.08344,
1, 20200225  07:56:00, 1.083525, 1.083435, 1.08344, 1.083525,
1, 20200225  07:57:00, 1.083525, 1.083475, 1.083525, 1.083525,
1, 20200225  07:58:00, 1.083735, 1.083505, 1.083525, 1.0837,
1, 20200225  07:59:00, 1.083735, 1.083625, 1.0837, 1.083625,
1, 20200225  08:00:00, 1.083765, 1.08358, 1.083625, 1.08362,
1, 20200225  08:01:00, 1.083685, 1.083615, 1.08362, 1.083655,
1, 20200225  08:02:00, 1.083695, 1.083615, 1.083655, 1.083665,
1, 20200225  08:03:00, 1.0837, 1.083615, 1.083665, 1.08362,
1, 20200225  08:04:00, 1.083875, 1.083615, 1.08362, 1.083825,
1, 20200225  08:05:00, 1.083935, 1.083785, 1.083825, 1.083935,
1, 20200225  08:06:00, 1.08408, 1.083935, 1.083935, 1.084065,
1, 20200225  08:07:00, 1.084075, 1.08402, 1.084065, 1.084065,
1, 20200225  08:08:00, 1.084075, 1.084015, 1.084065, 1.08407,
1, 20200225  08:09:00, 1.084085, 1.084005, 1.08407, 1.084015,
1, 20200225  08:10:00, 1.084025, 1.083925, 1.084015, 1.083925,
1, 20200225  08:11:00, 1.08396, 1.083815, 1.083925, 1.083955,
1, 20200225  08:12:00, 1.084015, 1.083825, 1.083955, 1.08387,
1, 20200225  08:13:00, 1.083935, 1.083815, 1.08387, 1.083935,
1, 20200225  08:14:00, 1.084055, 1.083925, 1.083935, 1.084005,
1, 20200225  08:15:00, 1.084095, 1.083995, 1.084005, 1.084095,
1, 20200225  08:16:00, 1.08423, 1.084065, 1.084095, 1.084225,
1, 20200225  08:17:00, 1.084255, 1.084115, 1.084225, 1.084115,
1, 20200225  08:18:00, 1.084215, 1.08407, 1.084115, 1.084175,
1, 20200225  08:19:00, 1.0842, 1.08411, 1.084175, 1.084165,
1, 20200225  08:20:00, 1.084165, 1.083925, 1.084165, 1.08396,
1, 20200225  08:21:00, 1.084175, 1.083945, 1.08396, 1.084165,
1, 20200225  08:22:00, 1.084185, 1.084095, 1.084165, 1.08417,
1, 20200225  08:23:00, 1.084205, 1.084125, 1.08417, 1.084155,
1, 20200225  08:24:00, 1.084355, 1.084125, 1.084155, 1.08432,
1, 20200225  08:25:00, 1.084425, 1.084285, 1.08432, 1.084425,
1, 20200225  08:26:00, 1.084575, 1.08442, 1.084425, 1.084445,
1, 20200225  08:27:00, 1.084465, 1.084295, 1.084445, 1.08431,
1, 20200225  08:28:00, 1.084515, 1.08431, 1.08431, 1.08449,
1, 20200225  08:29:00, 1.08475, 1.084475, 1.08449, 1.084715,
1, 20200225  08:30:00, 1.084885, 1.084665, 1.084715, 1.084865,
1, 20200225  08:31:00, 1.084995, 1.08484, 1.084865, 1.08487,
1, 20200225  08:32:00, 1.08487, 1.084765, 1.08487, 1.084785,
1, 20200225  08:33:00, 1.084795, 1.084705, 1.084785, 1.08475,
1, 20200225  08:34:00, 1.08475, 1.084555, 1.08475, 1.084625,
1, 20200225  08:35:00, 1.084645, 1.084515, 1.084625, 1.084515,
1, 20200225  08:36:00, 1.084665, 1.084485, 1.084515, 1.084595,
1, 20200225  08:37:00, 1.084735, 1.08458, 1.084595, 1.08466,
1, 20200225  08:38:00, 1.084665, 1.084445, 1.08466, 1.084445,
1, 20200225  08:39:00, 1.084575, 1.084435, 1.084445, 1.084535,
1, 20200225  08:40:00, 1.084545, 1.084465, 1.084535, 1.084465,
1, 20200225  08:41:00, 1.084525, 1.084425, 1.084465, 1.08449,
1, 20200225  08:42:00, 1.084535, 1.084445, 1.08449, 1.08451,
1, 20200225  08:43:00, 1.084525, 1.084315, 1.08451, 1.084315,
1, 20200225  08:44:00, 1.084445, 1.084255, 1.084315, 1.084445,
1, 20200225  08:45:00, 1.084475, 1.084335, 1.084445, 1.084385,
1, 20200225  08:46:00, 1.084405, 1.084265, 1.084385, 1.084265,
1, 20200225  08:47:00, 1.08432, 1.084255, 1.084265, 1.084315,
1, 20200225  08:48:00, 1.084405, 1.08422, 1.084315, 1.08422,
1, 20200225  08:49:00, 1.084255, 1.084075, 1.08422, 1.084155,
1, 20200225  08:50:00, 1.084185, 1.084085, 1.084155, 1.084095,
1, 20200225  08:51:00, 1.084385, 1.084085, 1.084095, 1.084365,
1, 20200225  08:52:00, 1.084485, 1.08432, 1.084365, 1.08434,
1, 20200225  08:53:00, 1.084345, 1.084245, 1.08434, 1.08431,
1, 20200225  08:54:00, 1.084365, 1.08422, 1.08431, 1.084345,
1, 20200225  08:55:00, 1.0844, 1.08422, 1.084345, 1.084225,
1, 20200225  08:56:00, 1.084225, 1.084055, 1.084225, 1.084065,
1, 20200225  08:57:00, 1.084105, 1.084005, 1.084065, 1.084085,
1, 20200225  08:58:00, 1.08414, 1.083915, 1.084085, 1.084075,
1, 20200225  08:59:00, 1.084135, 1.084055, 1.084075, 1.084105,
1, 20200225  09:00:00, 1.084115, 1.08361, 1.084105, 1.08361,
1, 20200225  09:01:00, 1.083675, 1.08356, 1.08361, 1.08358,
1, 20200225  09:02:00, 1.0837, 1.083475, 1.08358, 1.083655,
1, 20200225  09:03:00, 1.083745, 1.083565, 1.083655, 1.083615,
1, 20200225  09:04:00, 1.083825, 1.08361, 1.083615, 1.083815,
1, 20200225  09:05:00, 1.08387, 1.083755, 1.083815, 1.083785,
1, 20200225  09:06:00, 1.083915, 1.08378, 1.083785, 1.08387,
1, 20200225  09:07:00, 1.083995, 1.083845, 1.08387, 1.083935,
1, 20200225  09:08:00, 1.084175, 1.083925, 1.083935, 1.084175,
1, 20200225  09:09:00, 1.084385, 1.084125, 1.084175, 1.084385,
1, 20200225  09:10:00, 1.08458, 1.08431, 1.084385, 1.08432,
1, 20200225  09:11:00, 1.08454, 1.08431, 1.08432, 1.084445,
1, 20200225  09:12:00, 1.084465, 1.084345, 1.084445, 1.084345,
1, 20200225  09:13:00, 1.084345, 1.084135, 1.084345, 1.08414,
1, 20200225  09:14:00, 1.084205, 1.08414, 1.08414, 1.084175,
1, 20200225  09:15:00, 1.08419, 1.08396, 1.084175, 1.083965,
1, 20200225  09:16:00, 1.084065, 1.083905, 1.083965, 1.083935,
1, 20200225  09:17:00, 1.084035, 1.083905, 1.083935, 1.083905,
1, 20200225  09:18:00, 1.08396, 1.083875, 1.083905, 1.083895,
1, 20200225  09:19:00, 1.084035, 1.083895, 1.083895, 1.083965,
1, 20200225  09:20:00, 1.083975, 1.08388, 1.083965, 1.083905,
1, 20200225  09:21:00, 1.084095, 1.083895, 1.083905, 1.084095,
1, 20200225  09:22:00, 1.08423, 1.084085, 1.084095, 1.084225,
1, 20200225  09:23:00, 1.084355, 1.084225, 1.084225, 1.084315,
1, 20200225  09:24:00, 1.084365, 1.08405, 1.084315, 1.084075,
1, 20200225  09:25:00, 1.084385, 1.084075, 1.084075, 1.084315,
1, 20200225  09:26:00, 1.084395, 1.08428, 1.084315, 1.08431,
1, 20200225  09:27:00, 1.0844, 1.084125, 1.08431, 1.084155,
1, 20200225  09:28:00, 1.084265, 1.084155, 1.084155, 1.084155,
1, 20200225  09:29:00, 1.084315, 1.084155, 1.084155, 1.084255,
1, 20200225  09:30:00, 1.084355, 1.083975, 1.084255, 1.084345,
1, 20200225  09:31:00, 1.0844, 1.084285, 1.084345, 1.08431,
1, 20200225  09:32:00, 1.084385, 1.084225, 1.08431, 1.08423,
1, 20200225  09:33:00, 1.084295, 1.084205, 1.08423, 1.08422,
1, 20200225  09:34:00, 1.084415, 1.084135, 1.08422, 1.0844,
1, 20200225  09:35:00, 1.084455, 1.084225, 1.0844, 1.084455,
1, 20200225  09:36:00, 1.08449, 1.0844, 1.084455, 1.08444,
1, 20200225  09:37:00, 1.08458, 1.084385, 1.08444, 1.084475,
1, 20200225  09:38:00, 1.084475, 1.084135, 1.084475, 1.084135,
1, 20200225  09:39:00, 1.084155, 1.083915, 1.084135, 1.084155,
1, 20200225  09:40:00, 1.084245, 1.084105, 1.084155, 1.08423,
1, 20200225  09:41:00, 1.0844, 1.08423, 1.08423, 1.084335,
1, 20200225  09:42:00, 1.084365, 1.084135, 1.084335, 1.084245,
1, 20200225  09:43:00, 1.084385, 1.084225, 1.084245, 1.084225,
1, 20200225  09:44:00, 1.084505, 1.084215, 1.084225, 1.084385,
1, 20200225  09:45:00, 1.084455, 1.084225, 1.084385, 1.084225,
1, 20200225  09:46:00, 1.08449, 1.084155, 1.084225, 1.08431,
1, 20200225  09:47:00, 1.084465, 1.08396, 1.08431, 1.08396,
1, 20200225  09:48:00, 1.084175, 1.083945, 1.08396, 1.083975,
1, 20200225  09:49:00, 1.083995, 1.083875, 1.083975, 1.083905,
1, 20200225  09:50:00, 1.084055, 1.083875, 1.083905, 1.083965,
1, 20200225  09:51:00, 1.084005, 1.083905, 1.083965, 1.083995,
1, 20200225  09:52:00, 1.084085, 1.083965, 1.083995, 1.083975,
1, 20200225  09:53:00, 1.084005, 1.083645, 1.083975, 1.083655,
1, 20200225  09:54:00, 1.083695, 1.083455, 1.083655, 1.083485,
1, 20200225  09:55:00, 1.083765, 1.083465, 1.083485, 1.0837,
1, 20200225  09:56:00, 1.0837, 1.083215, 1.0837, 1.083215,
1, 20200225  09:57:00, 1.083565, 1.083195, 1.083215, 1.083565,
1, 20200225  09:58:00, 1.083655, 1.083345, 1.083565, 1.083385,
1, 20200225  09:59:00, 1.083635, 1.083385, 1.083385, 1.083615,
1, 20200225  10:00:00, 1.083695, 1.08335, 1.083615, 1.083625,
1, 20200225  10:01:00, 1.084195, 1.083565, 1.083625, 1.084125,
1, 20200225  10:02:00, 1.084225, 1.08401, 1.084125, 1.084135,
1, 20200225  10:03:00, 1.08414, 1.083855, 1.084135, 1.08387,
1, 20200225  10:04:00, 1.083985, 1.083715, 1.08387, 1.08388,
1, 20200225  10:05:00, 1.083965, 1.08361, 1.08388, 1.08361,
1, 20200225  10:06:00, 1.08369, 1.083535, 1.08361, 1.083615,
1, 20200225  10:07:00, 1.08369, 1.083585, 1.083615, 1.083675,
1, 20200225  10:08:00, 1.08379, 1.08352, 1.083675, 1.083595,
1, 20200225  10:09:00, 1.083715, 1.083525, 1.083595, 1.083665,
1, 20200225  10:10:00, 1.083875, 1.083555, 1.083665, 1.083785,
1, 20200225  10:11:00, 1.08385, 1.083715, 1.083785, 1.083755,
1, 20200225  10:12:00, 1.083805, 1.08361, 1.083755, 1.083765,
1, 20200225  10:13:00, 1.083825, 1.083655, 1.083765, 1.083695,
1, 20200225  10:14:00, 1.083895, 1.083685, 1.083695, 1.083755,
1, 20200225  10:15:00, 1.083825, 1.083675, 1.083755, 1.083805,
1, 20200225  10:16:00, 1.083845, 1.08379, 1.083805, 1.083815,
1, 20200225  10:17:00, 1.084245, 1.083815, 1.083815, 1.084115,
1, 20200225  10:18:00, 1.084125, 1.08402, 1.084115, 1.084035,
1, 20200225  10:19:00, 1.084035, 1.08353, 1.084035, 1.083645,
1, 20200225  10:20:00, 1.08387, 1.083615, 1.083645, 1.083755,
1, 20200225  10:21:00, 1.083815, 1.083555, 1.083755, 1.083675,
1, 20200225  10:22:00, 1.084095, 1.083585, 1.083675, 1.084055,
1, 20200225  10:23:00, 1.084555, 1.084055, 1.084055, 1.08449,
1, 20200225  10:24:00, 1.084895, 1.084485, 1.08449, 1.084815,
1, 20200225  10:25:00, 1.085275, 1.084715, 1.084815, 1.085275,
1, 20200225  10:26:00, 1.085425, 1.085035, 1.085275, 1.085085,
1, 20200225  10:27:00, 1.085175, 1.084925, 1.085085, 1.085105,
1, 20200225  10:28:00, 1.085105, 1.084625, 1.085105, 1.084755,
1, 20200225  10:29:00, 1.084915, 1.084575, 1.084755, 1.08484,
1, 20200225  10:30:00, 1.084865, 1.08467, 1.08484, 1.084685,
1, 20200225  10:31:00, 1.085125, 1.084685, 1.084685, 1.085105,
1, 20200225  10:32:00, 1.085385, 1.0851, 1.085105, 1.085255,
1, 20200225  10:33:00, 1.085575, 1.085255, 1.085255, 1.085295,
1, 20200225  10:34:00, 1.085295, 1.08489, 1.085295, 1.084985,
1, 20200225  10:35:00, 1.085165, 1.084985, 1.084985, 1.085075,
1, 20200225  10:36:00, 1.085165, 1.084855, 1.085075, 1.084895,
1, 20200225  10:37:00, 1.084915, 1.084635, 1.084895, 1.084635,
1, 20200225  10:38:00, 1.084965, 1.08458, 1.084635, 1.084965,
1, 20200225  10:39:00, 1.085065, 1.084925, 1.084965, 1.08501,
1, 20200225  10:40:00, 1.085275, 1.08501, 1.08501, 1.085165,
1, 20200225  10:41:00, 1.085175, 1.08502, 1.085165, 1.085135,
1, 20200225  10:42:00, 1.085325, 1.085135, 1.085135, 1.085275,
1, 20200225  10:43:00, 1.085305, 1.085175, 1.085275, 1.08519,
1, 20200225  10:44:00, 1.085195, 1.084985, 1.08519, 1.085035,
1, 20200225  10:45:00, 1.085215, 1.084975, 1.085035, 1.085045,
1, 20200225  10:46:00, 1.085195, 1.08502, 1.085045, 1.085165,
1, 20200225  10:47:00, 1.085475, 1.085165, 1.085165, 1.08546,
1, 20200225  10:48:00, 1.085655, 1.085455, 1.08546, 1.085475,
1, 20200225  10:49:00, 1.085785, 1.085415, 1.085475, 1.085705,
1, 20200225  10:50:00, 1.08624, 1.085705, 1.085705, 1.086225,
1, 20200225  10:51:00, 1.086595, 1.086225, 1.086225, 1.086375,
1, 20200225  10:52:00, 1.086595, 1.086355, 1.086375, 1.086575,
1, 20200225  10:53:00, 1.086615, 1.08644, 1.086575, 1.086595,
1, 20200225  10:54:00, 1.08668, 1.0863, 1.086595, 1.086335,
1, 20200225  10:55:00, 1.086575, 1.085865, 1.086335, 1.085925,
1, 20200225  10:56:00, 1.08615, 1.085915, 1.085925, 1.085965,
1, 20200225  10:57:00, 1.086265, 1.08581, 1.085965, 1.086265,
1, 20200225  10:58:00, 1.086305, 1.086125, 1.086265, 1.086225,
1, 20200225  10:59:00, 1.086595, 1.086195, 1.086225, 1.086485,
1, 20200225  11:00:00, 1.08659, 1.08633, 1.086485, 1.086335,
1, 20200225  11:01:00, 1.086555, 1.086335, 1.086335, 1.086435,
1, 20200225  11:02:00, 1.086575, 1.086425, 1.086435, 1.086515,
1, 20200225  11:03:00, 1.086615, 1.086245, 1.086515, 1.086315,
1, 20200225  11:04:00, 1.08659, 1.086315, 1.086315, 1.086575,
1, 20200225  11:05:00, 1.086615, 1.086395, 1.086575, 1.08659,
1, 20200225  11:06:00, 1.086965, 1.086545, 1.08659, 1.086945,
1, 20200225  11:07:00, 1.086985, 1.086625, 1.086945, 1.086815,
1, 20200225  11:08:00, 1.08692, 1.086685, 1.086815, 1.086785,
1, 20200225  11:09:00, 1.086805, 1.086595, 1.086785, 1.086725,
1, 20200225  11:10:00, 1.087095, 1.086565, 1.086725, 1.086855,
1, 20200225  11:11:00, 1.087125, 1.086785, 1.086855, 1.08703,
1, 20200225  11:12:00, 1.08703, 1.08668, 1.08703, 1.086715,
1, 20200225  11:13:00, 1.087015, 1.086685, 1.086715, 1.086985,
1, 20200225  11:14:00, 1.087185, 1.086905, 1.086985, 1.086945,
1, 20200225  11:15:00, 1.087435, 1.08694, 1.086945, 1.087385,
1, 20200225  11:16:00, 1.087515, 1.087285, 1.087385, 1.087455,
1, 20200225  11:17:00, 1.08788, 1.087445, 1.087455, 1.087855,
1, 20200225  11:18:00, 1.087875, 1.08773, 1.087855, 1.087865,
1, 20200225  11:19:00, 1.087875, 1.087695, 1.087865, 1.087825,
1, 20200225  11:20:00, 1.087955, 1.087755, 1.087825, 1.087875,
1, 20200225  11:21:00, 1.087915, 1.087665, 1.087875, 1.087855,
1, 20200225  11:22:00, 1.087885, 1.087715, 1.087855, 1.08782,
1, 20200225  11:23:00, 1.087825, 1.087685, 1.08782, 1.08773,
1, 20200225  11:24:00, 1.08824, 1.08773, 1.08773, 1.088225,
1, 20200225  11:25:00, 1.08827, 1.088, 1.088225, 1.088035,
1, 20200225  11:26:00, 1.088055, 1.087825, 1.088035, 1.087825,
1, 20200225  11:27:00, 1.087975, 1.087805, 1.087825, 1.087855,
1, 20200225  11:28:00, 1.087865, 1.087695, 1.087855, 1.087775,
1, 20200225  11:29:00, 1.088055, 1.087775, 1.087775, 1.087915,
1, 20200225  11:30:00, 1.088075, 1.087885, 1.087915, 1.08793,
1, 20200225  11:31:00, 1.087945, 1.087795, 1.08793, 1.08789,
1, 20200225  11:32:00, 1.087935, 1.087705, 1.08789, 1.087775,
1, 20200225  11:33:00, 1.08782, 1.087685, 1.087775, 1.087715,
1, 20200225  11:34:00, 1.087885, 1.087685, 1.087715, 1.087875,
1, 20200225  11:35:00, 1.088085, 1.087875, 1.087875, 1.088075,
1, 20200225  11:36:00, 1.088075, 1.087865, 1.088075, 1.08795,
1, 20200225  11:37:00, 1.087955, 1.087695, 1.08795, 1.087845,
1, 20200225  11:38:00, 1.087965, 1.08783, 1.087845, 1.087965,
1, 20200225  11:39:00, 1.088025, 1.087895, 1.087965, 1.087945,
1, 20200225  11:40:00, 1.088, 1.087755, 1.087945, 1.087795,
1, 20200225  11:41:00, 1.087945, 1.087635, 1.087795, 1.087855,
1, 20200225  11:42:00, 1.087945, 1.087825, 1.087855, 1.087925,
1, 20200225  11:43:00, 1.088, 1.08782, 1.087925, 1.087985,
1, 20200225  11:44:00, 1.088265, 1.087985, 1.087985, 1.088245,
1, 20200225  11:45:00, 1.088245, 1.08765, 1.088245, 1.08773,
1, 20200225  11:46:00, 1.087825, 1.087545, 1.08773, 1.087545,
1, 20200225  11:47:00, 1.087595, 1.087345, 1.087545, 1.087385,
1, 20200225  11:48:00, 1.087495, 1.087315, 1.087385, 1.087405,
1, 20200225  11:49:00, 1.08741, 1.087315, 1.087405, 1.087355,
1, 20200225  11:50:00, 1.087415, 1.087315, 1.087355, 1.087405,
1, 20200225  11:51:00, 1.087425, 1.087315, 1.087405, 1.087345,
1, 20200225  11:52:00, 1.087345, 1.086905, 1.087345, 1.086975,
1, 20200225  11:53:00, 1.08704, 1.086345, 1.086975, 1.086385,
1, 20200225  11:54:00, 1.086825, 1.086385, 1.086385, 1.086745,
1, 20200225  11:55:00, 1.086825, 1.086565, 1.086745, 1.086575,
1, 20200225  11:56:00, 1.086935, 1.086575, 1.086575, 1.086855,
1, 20200225  11:57:00, 1.086895, 1.08674, 1.086855, 1.086855,
1, 20200225  11:58:00, 1.087075, 1.086775, 1.086855, 1.087005,
1, 20200225  11:59:00, 1.087005, 1.086835, 1.087005, 1.086835,
1, 20200225  12:00:00, 1.086835, 1.086655, 1.086835, 1.086705,
1, 20200225  12:01:00, 1.08695, 1.086675, 1.086705, 1.086915,
1, 20200225  12:02:00, 1.086925, 1.08682, 1.086915, 1.08689,
1, 20200225  12:03:00, 1.087085, 1.08689, 1.08689, 1.08708,
1, 20200225  12:04:00, 1.08738, 1.08708, 1.08708, 1.087325,
1, 20200225  12:05:00, 1.08738, 1.087245, 1.087325, 1.087325,
1, 20200225  12:06:00, 1.087385, 1.087235, 1.087325, 1.087335,
1, 20200225  12:07:00, 1.08738, 1.087235, 1.087335, 1.08738,
1, 20200225  12:08:00, 1.087415, 1.087195, 1.08738, 1.08722,
1, 20200225  12:09:00, 1.087295, 1.087155, 1.08722, 1.087185,
1, 20200225  12:10:00, 1.087235, 1.086925, 1.087185, 1.08703,
1, 20200225  12:11:00, 1.087165, 1.086995, 1.08703, 1.087165,
1, 20200225  12:12:00, 1.087165, 1.087075, 1.087165, 1.087135,
1, 20200225  12:13:00, 1.087225, 1.08712, 1.087135, 1.087135,
1, 20200225  12:14:00, 1.087225, 1.087125, 1.087135, 1.087225,
1, 20200225  12:15:00, 1.087265, 1.087135, 1.087225, 1.08721,
1, 20200225  12:16:00, 1.087335, 1.087165, 1.08721, 1.087325,
1, 20200225  12:17:00, 1.08747, 1.087275, 1.087325, 1.087445,
1, 20200225  12:18:00, 1.087565, 1.087385, 1.087445, 1.087525,
1, 20200225  12:19:00, 1.087585, 1.087505, 1.087525, 1.087585,
1, 20200225  12:20:00, 1.087585, 1.087445, 1.087585, 1.08752,
1, 20200225  12:21:00, 1.08756, 1.087475, 1.08752, 1.087515,
1, 20200225  12:22:00, 1.08752, 1.08734, 1.087515, 1.087415,
1, 20200225  12:23:00, 1.087475, 1.087395, 1.087415, 1.087475,
1, 20200225  12:24:00, 1.087615, 1.087475, 1.087475, 1.087535,
1, 20200225  12:25:00, 1.087665, 1.087475, 1.087535, 1.08763,
1, 20200225  12:26:00, 1.087645, 1.087515, 1.08763, 1.087565,
1, 20200225  12:27:00, 1.087595, 1.087445, 1.087565, 1.08748,
1, 20200225  12:28:00, 1.087495, 1.087385, 1.08748, 1.087385,
1, 20200225  12:29:00, 1.087625, 1.087355, 1.087385, 1.087585,
1, 20200225  12:30:00, 1.087585, 1.087415, 1.087585, 1.087425,
1, 20200225  12:31:00, 1.087525, 1.087425, 1.087425, 1.087425,
1, 20200225  12:32:00, 1.087495, 1.087345, 1.087425, 1.087425,
1, 20200225  12:33:00, 1.087615, 1.087415, 1.087425, 1.087585,
1, 20200225  12:34:00, 1.087595, 1.087515, 1.087585, 1.087515,
1, 20200225  12:35:00, 1.087535, 1.08735, 1.087515, 1.087355,
1, 20200225  12:36:00, 1.087385, 1.087255, 1.087355, 1.087275,
1, 20200225  12:37:00, 1.087325, 1.087155, 1.087275, 1.087195,
1, 20200225  12:38:00, 1.087315, 1.087175, 1.087195, 1.087255,
1, 20200225  12:39:00, 1.087295, 1.087185, 1.087255, 1.087225,
1, 20200225  12:40:00, 1.087365, 1.08722, 1.087225, 1.087335,
1, 20200225  12:41:00, 1.087425, 1.087335, 1.087335, 1.087415,
1, 20200225  12:42:00, 1.087535, 1.087365, 1.087415, 1.087415,
1, 20200225  12:43:00, 1.087425, 1.087325, 1.087415, 1.08738,
1, 20200225  12:44:00, 1.087775, 1.087325, 1.08738, 1.087755,
1, 20200225  12:45:00, 1.087875, 1.087675, 1.087755, 1.087705,
1, 20200225  12:46:00, 1.087755, 1.087645, 1.087705, 1.087695,
1, 20200225  12:47:00, 1.087765, 1.087645, 1.087695, 1.087735,
1, 20200225  12:48:00, 1.087915, 1.087705, 1.087735, 1.087915,
1, 20200225  12:49:00, 1.087935, 1.087765, 1.087915, 1.087805,
1, 20200225  12:50:00, 1.08806, 1.087805, 1.087805, 1.088015,
1, 20200225  12:51:00, 1.088195, 1.088005, 1.088015, 1.08817,
1, 20200225  12:52:00, 1.08817, 1.087965, 1.08817, 1.087965,
1, 20200225  12:53:00, 1.088075, 1.087935, 1.087965, 1.088005,
1, 20200225  12:54:00, 1.088085, 1.087925, 1.088005, 1.088085,
1, 20200225  12:55:00, 1.088225, 1.088025, 1.088085, 1.088215,
1, 20200225  12:56:00, 1.088225, 1.088125, 1.088215, 1.088145,
1, 20200225  12:57:00, 1.088175, 1.088115, 1.088145, 1.088145,
1, 20200225  12:58:00, 1.088215, 1.088125, 1.088145, 1.088195,
1, 20200225  12:59:00, 1.08827, 1.088175, 1.088195, 1.08827,
1, 20200225  13:00:00, 1.088275, 1.08817, 1.08827, 1.08822,
1, 20200225  13:01:00, 1.088285, 1.088215, 1.08822, 1.088225,
1, 20200225  13:02:00, 1.088265, 1.088075, 1.088225, 1.08809,
1, 20200225  13:03:00, 1.088175, 1.08806, 1.08809, 1.088075,
1, 20200225  13:04:00, 1.088225, 1.088065, 1.088075, 1.08817,
1, 20200225  13:05:00, 1.088265, 1.088085, 1.08817, 1.088235,
1, 20200225  13:06:00, 1.08827, 1.088075, 1.088235, 1.08808,
1, 20200225  13:07:00, 1.08809, 1.087955, 1.08808, 1.088,
1, 20200225  13:08:00, 1.088035, 1.087945, 1.088, 1.088005,
1, 20200225  13:09:00, 1.088005, 1.087845, 1.088005, 1.087895,
1, 20200225  13:10:00, 1.087905, 1.08782, 1.087895, 1.087845,
1, 20200225  13:11:00, 1.087875, 1.087735, 1.087845, 1.08774,
1, 20200225  13:12:00, 1.087755, 1.087665, 1.08774, 1.087675,
1, 20200225  13:13:00, 1.087755, 1.087575, 1.087675, 1.087645,
1, 20200225  13:14:00, 1.087715, 1.087615, 1.087645, 1.087625,
1, 20200225  13:15:00, 1.087645, 1.087395, 1.087625, 1.087645,
1, 20200225  13:16:00, 1.087975, 1.087605, 1.087645, 1.087955,
1, 20200225  13:17:00, 1.088045, 1.087955, 1.087955, 1.088035,
1, 20200225  13:18:00, 1.088085, 1.087965, 1.088035, 1.087975,
1, 20200225  13:19:00, 1.088035, 1.087885, 1.087975, 1.087975,
1, 20200225  13:20:00, 1.088005, 1.087915, 1.087975, 1.087925,
1, 20200225  13:21:00, 1.087925, 1.087765, 1.087925, 1.087765,
1, 20200225  13:22:00, 1.087825, 1.087715, 1.087765, 1.087775,
1, 20200225  13:23:00, 1.087825, 1.087705, 1.087775, 1.087765,
1, 20200225  13:24:00, 1.087825, 1.08776, 1.087765, 1.087815,
1, 20200225  13:25:00, 1.08782, 1.087765, 1.087815, 1.087795,
1, 20200225  13:26:00, 1.087825, 1.087615, 1.087795, 1.087715,
1, 20200225  13:27:00, 1.087735, 1.087625, 1.087715, 1.087715,
1, 20200225  13:28:00, 1.087715, 1.087675, 1.087715, 1.087675,
1, 20200225  13:29:00, 1.087675, 1.08761, 1.087675, 1.08762,
1, 20200225  13:30:00, 1.087645, 1.087535, 1.08762, 1.08756,
1, 20200225  13:31:00, 1.087735, 1.08756, 1.08756, 1.087625,
1, 20200225  13:32:00, 1.087635, 1.08757, 1.087625, 1.08757,
1, 20200225  13:33:00, 1.087575, 1.087405, 1.08757, 1.087415,
1, 20200225  13:34:00, 1.087475, 1.087195, 1.087415, 1.087285,
1, 20200225  13:35:00, 1.087525, 1.087285, 1.087285, 1.087525,
1, 20200225  13:36:00, 1.087645, 1.087475, 1.087525, 1.087525,
1, 20200225  13:37:00, 1.08753, 1.08738, 1.087525, 1.08748,
1, 20200225  13:38:00, 1.087495, 1.087435, 1.08748, 1.087475,
1, 20200225  13:39:00, 1.087475, 1.08732, 1.087475, 1.08732,
1, 20200225  13:40:00, 1.08756, 1.08732, 1.08732, 1.087545,
1, 20200225  13:41:00, 1.087675, 1.087535, 1.087545, 1.08763,
1, 20200225  13:42:00, 1.087635, 1.08756, 1.08763, 1.087575,
1, 20200225  13:43:00, 1.08758, 1.087465, 1.087575, 1.087525,
1, 20200225  13:44:00, 1.087545, 1.08748, 1.087525, 1.08752,
1, 20200225  13:45:00, 1.087595, 1.087495, 1.08752, 1.087575,
1, 20200225  13:46:00, 1.087625, 1.087575, 1.087575, 1.087585,
1, 20200225  13:47:00, 1.08764, 1.087565, 1.087585, 1.087615,
1, 20200225  13:48:00, 1.087645, 1.087575, 1.087615, 1.087585,
1, 20200225  13:49:00, 1.087625, 1.08756, 1.087585, 1.087615,
1, 20200225  13:50:00, 1.087695, 1.087515, 1.087615, 1.087685,
1, 20200225  13:51:00, 1.087715, 1.087675, 1.087685, 1.087715,
1, 20200225  13:52:00, 1.087865, 1.087715, 1.087715, 1.08782,
1, 20200225  13:53:00, 1.087825, 1.087755, 1.08782, 1.087825,
1, 20200225  13:54:00, 1.087825, 1.08762, 1.087825, 1.08773,
1, 20200225  13:55:00, 1.087735, 1.08762, 1.08773, 1.087715,
1, 20200225  13:56:00, 1.087735, 1.087645, 1.087715, 1.087645,
1, 20200225  13:57:00, 1.087645, 1.087515, 1.087645, 1.087515,
1, 20200225  13:58:00, 1.087525, 1.087445, 1.087515, 1.08747,
1, 20200225  13:59:00, 1.087705, 1.08747, 1.08747, 1.087705,
1, 20200225  14:00:00, 1.08782, 1.08767, 1.087705, 1.08782,
1, 20200225  14:01:00, 1.087955, 1.08774, 1.08782, 1.087915,
1, 20200225  14:02:00, 1.087915, 1.08782, 1.087915, 1.087875,
1, 20200225  14:03:00, 1.087875, 1.087615, 1.087875, 1.087795,
1, 20200225  14:04:00, 1.087805, 1.087395, 1.087795, 1.087405,
1, 20200225  14:05:00, 1.087535, 1.087325, 1.087405, 1.087525,
1, 20200225  14:06:00, 1.087765, 1.08752, 1.087525, 1.087715,
1, 20200225  14:07:00, 1.087875, 1.087685, 1.087715, 1.08779,
1, 20200225  14:08:00, 1.088235, 1.08779, 1.08779, 1.088085,
1, 20200225  14:09:00, 1.088225, 1.088025, 1.088085, 1.088125,
1, 20200225  14:10:00, 1.088125, 1.087975, 1.088125, 1.088045,
1, 20200225  14:11:00, 1.088195, 1.088045, 1.088045, 1.08809,
1, 20200225  14:12:00, 1.088115, 1.087915, 1.08809, 1.087975,
1, 20200225  14:13:00, 1.088005, 1.087845, 1.087975, 1.08791,
1, 20200225  14:14:00, 1.088005, 1.08791, 1.08791, 1.087925,
1, 20200225  14:15:00, 1.08817, 1.08789, 1.087925, 1.087945,
1, 20200225  14:16:00, 1.088015, 1.087885, 1.087945, 1.08801,
1, 20200225  14:17:00, 1.088155, 1.08801, 1.08801, 1.088105,
1, 20200225  14:18:00, 1.088215, 1.088085, 1.088105, 1.088105,
1, 20200225  14:19:00, 1.088135, 1.087965, 1.088105, 1.088005,
1, 20200225  14:20:00, 1.088025, 1.087835, 1.088005, 1.08787,
1, 20200225  14:21:00, 1.087975, 1.087795, 1.08787, 1.08791,
1, 20200225  14:22:00, 1.08811, 1.087885, 1.08791, 1.088105,
1, 20200225  14:23:00, 1.088115, 1.087975, 1.088105, 1.088015,
1, 20200225  14:24:00, 1.088135, 1.088015, 1.088015, 1.088105,
1, 20200225  14:25:00, 1.088105, 1.087875, 1.088105, 1.087895,
1, 20200225  14:26:00, 1.088015, 1.087895, 1.087895, 1.088005,
1, 20200225  14:27:00, 1.088085, 1.087965, 1.088005, 1.08807,
1, 20200225  14:28:00, 1.08811, 1.088, 1.08807, 1.08808,
1, 20200225  14:29:00, 1.088155, 1.088045, 1.08808, 1.088115,
1, 20200225  14:30:00, 1.088295, 1.088065, 1.088115, 1.088265,
1, 20200225  14:31:00, 1.088265, 1.088125, 1.088265, 1.08817,
1, 20200225  14:32:00, 1.088235, 1.088135, 1.08817, 1.088175,
1, 20200225  14:33:00, 1.088365, 1.088085, 1.088175, 1.088285,
1, 20200225  14:34:00, 1.08844, 1.088225, 1.088285, 1.088395,
1, 20200225  14:35:00, 1.088475, 1.088355, 1.088395, 1.088465,
1, 20200225  14:36:00, 1.088745, 1.088425, 1.088465, 1.088545,
1, 20200225  14:37:00, 1.088795, 1.088525, 1.088545, 1.088775,
1, 20200225  14:38:00, 1.088895, 1.088725, 1.088775, 1.088835,
1, 20200225  14:39:00, 1.088835, 1.08879, 1.088835, 1.088835,
1, 20200225  14:40:00, 1.088875, 1.088795, 1.088835, 1.088875,
1, 20200225  14:41:00, 1.08905, 1.088705, 1.088875, 1.088765,
1, 20200225  14:42:00, 1.088775, 1.088525, 1.088765, 1.08855,
1, 20200225  14:43:00, 1.088755, 1.088365, 1.08855, 1.088705,
1, 20200225  14:44:00, 1.088715, 1.088335, 1.088705, 1.088415,
1, 20200225  14:45:00, 1.08852, 1.088335, 1.088415, 1.088465,
1, 20200225  14:46:00, 1.088525, 1.088415, 1.088465, 1.088525,
1, 20200225  14:47:00, 1.08861, 1.088435, 1.088525, 1.088505,
1, 20200225  14:48:00, 1.088505, 1.088385, 1.088505, 1.088415,
1, 20200225  14:49:00, 1.088525, 1.08835, 1.088415, 1.088495,
1, 20200225  14:50:00, 1.088545, 1.08844, 1.088495, 1.088525,
1, 20200225  14:51:00, 1.088555, 1.088455, 1.088525, 1.08847,
1, 20200225  14:52:00, 1.0885, 1.08835, 1.08847, 1.088355,
1, 20200225  14:53:00, 1.088395, 1.08826, 1.088355, 1.08826,
1, 20200225  14:54:00, 1.088265, 1.08807, 1.08826, 1.088095,
1, 20200225  14:55:00, 1.088095, 1.087945, 1.088095, 1.088045,
1, 20200225  14:56:00, 1.08807, 1.088015, 1.088045, 1.08802,
1, 20200225  14:57:00, 1.088065, 1.088, 1.08802, 1.088065,
1, 20200225  14:58:00, 1.0882, 1.088065, 1.088065, 1.08817,
1, 20200225  14:59:00, 1.088175, 1.087955, 1.08817, 1.08817,
1, 20200225  15:00:00, 1.08817, 1.087795, 1.08817, 1.087875,
1, 20200225  15:01:00, 1.08791, 1.087605, 1.087875, 1.087715,
1, 20200225  15:02:00, 1.087785, 1.087695, 1.087715, 1.087735,
1, 20200225  15:03:00, 1.08777, 1.087545, 1.087735, 1.087625,
1, 20200225  15:04:00, 1.087715, 1.08756, 1.087625, 1.087685,
1, 20200225  15:05:00, 1.08773, 1.087575, 1.087685, 1.087665,
1, 20200225  15:06:00, 1.087795, 1.087665, 1.087665, 1.08773,
1, 20200225  15:07:00, 1.087765, 1.087675, 1.08773, 1.087735,
1, 20200225  15:08:00, 1.087765, 1.087665, 1.087735, 1.087735,
1, 20200225  15:09:00, 1.087735, 1.087645, 1.087735, 1.087665,
1, 20200225  15:10:00, 1.08783, 1.087635, 1.087665, 1.087775,
1, 20200225  15:11:00, 1.087865, 1.087775, 1.087775, 1.087825,
1, 20200225  15:12:00, 1.087895, 1.087805, 1.087825, 1.08785,
1, 20200225  15:13:00, 1.08798, 1.087825, 1.08785, 1.087955,
1, 20200225  15:14:00, 1.088105, 1.087935, 1.087955, 1.088075,
1, 20200225  15:15:00, 1.088085, 1.08802, 1.088075, 1.088025,
1, 20200225  15:16:00, 1.088055, 1.087845, 1.088025, 1.087865,
1, 20200225  15:17:00, 1.088125, 1.087865, 1.087865, 1.088125,
1, 20200225  15:18:00, 1.088145, 1.08802, 1.088125, 1.088035,
1, 20200225  15:19:00, 1.088125, 1.088015, 1.088035, 1.088045,
1, 20200225  15:20:00, 1.088235, 1.088015, 1.088045, 1.088235,
1, 20200225  15:21:00, 1.088435, 1.08818, 1.088235, 1.088435,
1, 20200225  15:22:00, 1.088525, 1.088375, 1.088435, 1.08852,
1, 20200225  15:23:00, 1.08857, 1.08844, 1.08852, 1.088455,
1, 20200225  15:24:00, 1.08852, 1.08838, 1.088455, 1.088435,
1, 20200225  15:25:00, 1.088455, 1.08835, 1.088435, 1.088425,
1, 20200225  15:26:00, 1.088435, 1.08835, 1.088425, 1.088435,
1, 20200225  15:27:00, 1.08847, 1.088375, 1.088435, 1.08839,
1, 20200225  15:28:00, 1.088465, 1.08839, 1.08839, 1.088405,
1, 20200225  15:29:00, 1.088465, 1.088385, 1.088405, 1.088395,
1, 20200225  15:30:00, 1.08846, 1.088315, 1.088395, 1.08838,
1, 20200225  15:31:00, 1.088525, 1.088335, 1.08838, 1.08852,
1, 20200225  15:32:00, 1.08864, 1.0885, 1.08852, 1.08861,
1, 20200225  15:33:00, 1.088645, 1.088525, 1.08861, 1.088635,
1, 20200225  15:34:00, 1.088635, 1.088385, 1.088635, 1.088395,
1, 20200225  15:35:00, 1.0884, 1.088245, 1.088395, 1.08835,
1, 20200225  15:36:00, 1.088385, 1.08829, 1.08835, 1.088305,
1, 20200225  15:37:00, 1.08835, 1.088295, 1.088305, 1.088315,
1, 20200225  15:38:00, 1.088375, 1.08831, 1.088315, 1.088375,
1, 20200225  15:39:00, 1.088455, 1.088375, 1.088375, 1.088455,
1, 20200225  15:40:00, 1.088455, 1.088295, 1.088455, 1.088305,
1, 20200225  15:41:00, 1.08832, 1.088115, 1.088305, 1.08827,
1, 20200225  15:42:00, 1.08836, 1.08826, 1.08827, 1.088345,
1, 20200225  15:43:00, 1.088355, 1.08823, 1.088345, 1.08826,
1, 20200225  15:44:00, 1.08832, 1.088255, 1.08826, 1.088305,
1, 20200225  15:45:00, 1.088305, 1.088015, 1.088305, 1.088055,
1, 20200225  15:46:00, 1.088145, 1.088015, 1.088055, 1.088105,
1, 20200225  15:47:00, 1.08827, 1.088075, 1.088105, 1.088215,
1, 20200225  15:48:00, 1.08831, 1.08817, 1.088215, 1.088215,
1, 20200225  15:49:00, 1.08833, 1.088215, 1.088215, 1.088315,
1, 20200225  15:50:00, 1.088375, 1.088315, 1.088315, 1.088325,
1, 20200225  15:51:00, 1.088335, 1.088215, 1.088325, 1.08824,
1, 20200225  15:52:00, 1.088265, 1.088145, 1.08824, 1.088155,
1, 20200225  15:53:00, 1.088235, 1.08807, 1.088155, 1.08821,
1, 20200225  15:54:00, 1.088285, 1.08814, 1.08821, 1.08815,
1, 20200225  15:55:00, 1.08818, 1.088065, 1.08815, 1.088085,
1, 20200225  15:56:00, 1.08818, 1.088085, 1.088085, 1.088155,
1, 20200225  15:57:00, 1.088175, 1.088045, 1.088155, 1.08817,
1, 20200225  15:58:00, 1.08833, 1.088115, 1.08817, 1.088205,
1, 20200225  15:59:00, 1.088265, 1.088115, 1.088205, 1.088245,
1, 20200225  16:00:00, 1.08846, 1.08822, 1.088245, 1.088455,
1, 20200225  16:01:00, 1.08858, 1.088365, 1.088455, 1.08858,
1, 20200225  16:02:00, 1.08858, 1.088305, 1.08858, 1.088315,
1, 20200225  16:03:00, 1.08844, 1.088305, 1.088315, 1.088425,
1, 20200225  16:04:00, 1.088455, 1.08841, 1.088425, 1.08841,
1, 20200225  16:05:00, 1.088495, 1.088375, 1.08841, 1.088455,
1, 20200225  16:06:00, 1.08852, 1.088415, 1.088455, 1.08852,
1, 20200225  16:07:00, 1.08852, 1.088405, 1.08852, 1.08841,
1, 20200225  16:08:00, 1.08841, 1.088305, 1.08841, 1.088355,
1, 20200225  16:09:00, 1.088375, 1.088315, 1.088355, 1.088325,
1, 20200225  16:10:00, 1.088325, 1.088265, 1.088325, 1.08827,
1, 20200225  16:11:00, 1.08841, 1.08827, 1.08827, 1.088385,
1, 20200225  16:12:00, 1.088385, 1.088325, 1.088385, 1.088385,
1, 20200225  16:13:00, 1.08848, 1.088365, 1.088385, 1.088455,
1, 20200225  16:14:00, 1.088455, 1.08835, 1.088455, 1.08835,
1, 20200225  16:15:00, 1.08835, 1.088175, 1.08835, 1.08818,
1, 20200225  16:16:00, 1.088215, 1.088115, 1.08818, 1.088155,
1, 20200225  16:17:00, 1.08823, 1.088105, 1.088155, 1.088205,
1, 20200225  16:18:00, 1.088265, 1.088205, 1.088205, 1.08826,
1, 20200225  16:19:00, 1.088265, 1.088215, 1.08826, 1.088235,
1, 20200225  16:20:00, 1.08838, 1.088235, 1.088235, 1.08838,
1, 20200225  16:21:00, 1.088385, 1.088335, 1.08838, 1.088335,
1, 20200225  16:22:00, 1.08835, 1.088335, 1.088335, 1.08835,
1, 20200225  16:23:00, 1.08835, 1.088335, 1.08835, 1.088345,
1, 20200225  16:24:00, 1.08837, 1.088325, 1.088345, 1.088335,
1, 20200225  16:25:00, 1.08835, 1.088315, 1.088335, 1.088325,
1, 20200225  16:26:00, 1.08833, 1.088265, 1.088325, 1.08833,
1, 20200225  16:27:00, 1.088485, 1.08833, 1.08833, 1.088485,
1, 20200225  16:28:00, 1.088535, 1.088485, 1.088485, 1.08853,
1, 20200225  16:29:00, 1.088615, 1.088525, 1.08853, 1.088565,
1, 20200225  16:30:00, 1.08864, 1.088565, 1.088565, 1.088635,
1, 20200225  16:31:00, 1.088645, 1.088575, 1.088635, 1.08859,
1, 20200225  16:32:00, 1.08859, 1.088475, 1.08859, 1.088525,
1, 20200225  16:33:00, 1.088525, 1.088475, 1.088525, 1.088475,
1, 20200225  16:34:00, 1.088525, 1.08847, 1.088475, 1.088475,
1, 20200225  16:35:00, 1.088525, 1.088475, 1.088475, 1.08852,
1, 20200225  16:36:00, 1.08853, 1.088505, 1.08852, 1.088505,
1, 20200225  16:37:00, 1.088505, 1.08844, 1.088505, 1.088475,
1, 20200225  16:38:00, 1.088475, 1.088395, 1.088475, 1.088405,
1, 20200225  16:39:00, 1.08842, 1.08838, 1.088405, 1.088385,
1, 20200225  16:40:00, 1.088385, 1.08836, 1.088385, 1.088365,
1, 20200225  16:41:00, 1.088405, 1.088365, 1.088365, 1.088395,
1, 20200225  16:42:00, 1.088405, 1.088355, 1.088395, 1.08838,
1, 20200225  16:43:00, 1.088415, 1.08837, 1.08838, 1.088405,
1, 20200225  16:44:00, 1.08841, 1.08838, 1.088405, 1.088385,
1, 20200225  16:45:00, 1.088395, 1.08827, 1.088385, 1.088295,
1, 20200225  16:46:00, 1.088355, 1.088285, 1.088295, 1.08833,
1, 20200225  16:47:00, 1.088335, 1.088265, 1.08833, 1.088315,
1, 20200225  16:48:00, 1.088335, 1.088175, 1.088315, 1.088195,
1, 20200225  16:49:00, 1.08827, 1.088195, 1.088195, 1.08827,
1, 20200225  16:50:00, 1.088295, 1.08817, 1.08827, 1.08817,
1, 20200225  16:51:00, 1.088205, 1.088145, 1.08817, 1.08818,
1, 20200225  16:52:00, 1.088195, 1.08817, 1.08818, 1.088175,
1, 20200225  16:53:00, 1.088175, 1.088135, 1.088175, 1.088155,
1, 20200225  16:54:00, 1.088175, 1.08815, 1.088155, 1.088175,
1, 20200225  16:55:00, 1.088175, 1.088125, 1.088175, 1.08817,
1, 20200225  16:56:00, 1.088215, 1.088145, 1.08817, 1.088175,
1, 20200225  16:57:00, 1.08824, 1.088175, 1.088175, 1.0882,
1, 20200225  16:58:00, 1.088215, 1.088095, 1.0882, 1.088105,
1, 20200225  16:59:00, 1.088185, 1.088085, 1.088105, 1.088175,
1, 20200225  17:15:00, 1.08822, 1.08765, 1.08775, 1.08822,
1, 20200225  17:16:00, 1.08823, 1.088175, 1.08822, 1.088175,
1, 20200225  17:17:00, 1.08818, 1.088175, 1.088175, 1.088175,
1, 20200225  17:18:00, 1.088175, 1.088175, 1.088175, 1.088175,
1, 20200225  17:19:00, 1.088185, 1.088175, 1.088175, 1.088185,
1, 20200225  17:20:00, 1.088315, 1.088185, 1.088185, 1.088275,
1, 20200225  17:21:00, 1.088425, 1.08827, 1.088275, 1.088355,
1, 20200225  17:22:00, 1.088355, 1.088295, 1.088355, 1.088295,
1, 20200225  17:23:00, 1.08831, 1.08819, 1.088295, 1.088275,
1, 20200225  17:24:00, 1.088305, 1.088225, 1.088275, 1.088275,
1, 20200225  17:25:00, 1.0883, 1.088265, 1.088275, 1.088265,
1, 20200225  17:26:00, 1.088345, 1.0882, 1.088265, 1.088265,
1, 20200225  17:27:00, 1.088265, 1.088215, 1.088265, 1.08826,
1, 20200225  17:28:00, 1.08826, 1.08826, 1.08826, 1.08826,
1, 20200225  17:29:00, 1.08826, 1.08826, 1.08826, 1.08826,
1, 20200225  17:30:00, 1.088275, 1.088155, 1.08826, 1.088195,
1, 20200225  17:31:00, 1.0882, 1.08812, 1.088195, 1.08818,
1, 20200225  17:32:00, 1.088185, 1.08818, 1.08818, 1.08818,
1, 20200225  17:33:00, 1.08818, 1.088085, 1.08818, 1.088155,
1, 20200225  17:34:00, 1.088175, 1.088155, 1.088155, 1.088165,
1, 20200225  17:35:00, 1.088175, 1.088165, 1.088165, 1.088165,
1, 20200225  17:36:00, 1.08822, 1.088155, 1.088165, 1.088195,
1, 20200225  17:37:00, 1.088195, 1.08814, 1.088195, 1.088185,
1, 20200225  17:38:00, 1.0882, 1.088125, 1.088185, 1.0882,
1, 20200225  17:39:00, 1.088235, 1.08814, 1.0882, 1.088175,
1, 20200225  17:40:00, 1.088175, 1.088095, 1.088175, 1.088095,
1, 20200225  17:41:00, 1.088105, 1.08785, 1.088095, 1.08806,
1, 20200225  17:42:00, 1.088085, 1.08798, 1.08806, 1.088045,
1, 20200225  17:43:00, 1.08806, 1.08799, 1.088045, 1.08805,
1, 20200225  17:44:00, 1.088205, 1.087955, 1.08805, 1.088015,
1, 20200225  17:45:00, 1.08814, 1.088015, 1.088015, 1.08813,
1, 20200225  17:46:00, 1.088185, 1.08812, 1.08813, 1.088125,
1, 20200225  17:47:00, 1.08813, 1.08791, 1.088125, 1.088075,
1, 20200225  17:48:00, 1.088075, 1.087965, 1.088075, 1.087965,
1, 20200225  17:49:00, 1.08798, 1.087955, 1.087965, 1.08798,
1, 20200225  17:50:00, 1.088005, 1.087975, 1.08798, 1.08799,
1, 20200225  17:51:00, 1.08805, 1.08799, 1.08799, 1.088005,
1, 20200225  17:52:00, 1.08822, 1.088, 1.088005, 1.08822,
1, 20200225  17:53:00, 1.08822, 1.088085, 1.08822, 1.0882,
1, 20200225  17:54:00, 1.0882, 1.088115, 1.0882, 1.088125,
1, 20200225  17:55:00, 1.088165, 1.088115, 1.088125, 1.08812,
1, 20200225  17:56:00, 1.08818, 1.088095, 1.08812, 1.088125,
1, 20200225  17:57:00, 1.088125, 1.088115, 1.088125, 1.08812,
1, 20200225  17:58:00, 1.08812, 1.088095, 1.08812, 1.088095,
1, 20200225  17:59:00, 1.08812, 1.088035, 1.088095, 1.08811,
1, 20200225  18:00:00, 1.08811, 1.08766, 1.08811, 1.088,
1, 20200225  18:01:00, 1.088, 1.087935, 1.088, 1.087935,
1, 20200225  18:02:00, 1.087955, 1.08788, 1.087935, 1.087885,
1, 20200225  18:03:00, 1.08796, 1.087875, 1.087885, 1.08796,
1, 20200225  18:04:00, 1.088015, 1.08796, 1.08796, 1.08801,
1, 20200225  18:05:00, 1.08801, 1.08793, 1.08801, 1.08796,
1, 20200225  18:06:00, 1.088025, 1.087955, 1.08796, 1.087995,
1, 20200225  18:07:00, 1.08801, 1.087995, 1.087995, 1.088,
1, 20200225  18:08:00, 1.088, 1.08798, 1.088, 1.08799,
1, 20200225  18:09:00, 1.087995, 1.08798, 1.08799, 1.08799,
1, 20200225  18:10:00, 1.08799, 1.087955, 1.08799, 1.08796,
1, 20200225  18:11:00, 1.08796, 1.08789, 1.08796, 1.08796,
1, 20200225  18:12:00, 1.088, 1.087955, 1.08796, 1.08796,
1, 20200225  18:13:00, 1.088, 1.08796, 1.08796, 1.087975,
1, 20200225  18:14:00, 1.087975, 1.087955, 1.087975, 1.087955,
1, 20200225  18:15:00, 1.087975, 1.087895, 1.087955, 1.087955,
1, 20200225  18:16:00, 1.087955, 1.08794, 1.087955, 1.087945,
1, 20200225  18:17:00, 1.087955, 1.087885, 1.087945, 1.08792,
1, 20200225  18:18:00, 1.087925, 1.087805, 1.08792, 1.087825,
1, 20200225  18:19:00, 1.087875, 1.08782, 1.087825, 1.087875,
1, 20200225  18:20:00, 1.087885, 1.087875, 1.087875, 1.08788,
1, 20200225  18:21:00, 1.087885, 1.08788, 1.08788, 1.087885,
1, 20200225  18:22:00, 1.08791, 1.08783, 1.087885, 1.08784,
1, 20200225  18:23:00, 1.087875, 1.08779, 1.08784, 1.087825,
1, 20200225  18:24:00, 1.08783, 1.087785, 1.087825, 1.08779,
1, 20200225  18:25:00, 1.08779, 1.087715, 1.08779, 1.087725,
1, 20200225  18:26:00, 1.08774, 1.087685, 1.087725, 1.087735,
1, 20200225  18:27:00, 1.08774, 1.087705, 1.087735, 1.08774,
1, 20200225  18:28:00, 1.08783, 1.087735, 1.08774, 1.087795,
1, 20200225  18:29:00, 1.087815, 1.08777, 1.087795, 1.087795,
1, 20200225  18:30:00, 1.087855, 1.08779, 1.087795, 1.087825,
1, 20200225  18:31:00, 1.08783, 1.08782, 1.087825, 1.087825,
1, 20200225  18:32:00, 1.08783, 1.087815, 1.087825, 1.087825,
1, 20200225  18:33:00, 1.08783, 1.087735, 1.087825, 1.087735,
1, 20200225  18:34:00, 1.087755, 1.087675, 1.087735, 1.087685,
1, 20200225  18:35:00, 1.08773, 1.087675, 1.087685, 1.087725,
1, 20200225  18:36:00, 1.087735, 1.087715, 1.087725, 1.087735,
1, 20200225  18:37:00, 1.087845, 1.087735, 1.087735, 1.087845,
1, 20200225  18:38:00, 1.08789, 1.087845, 1.087845, 1.087885,
1, 20200225  18:39:00, 1.087915, 1.087865, 1.087885, 1.087885,
1, 20200225  18:40:00, 1.087885, 1.087845, 1.087885, 1.08785,
1, 20200225  18:41:00, 1.087855, 1.087825, 1.08785, 1.087855,
1, 20200225  18:42:00, 1.087855, 1.087805, 1.087855, 1.087805,
1, 20200225  18:43:00, 1.087805, 1.087735, 1.087805, 1.087755,
1, 20200225  18:44:00, 1.087805, 1.087735, 1.087755, 1.087795,
1, 20200225  18:45:00, 1.087855, 1.08779, 1.087795, 1.08785,
1, 20200225  18:46:00, 1.08791, 1.08784, 1.08785, 1.087885,
1, 20200225  18:47:00, 1.087955, 1.087885, 1.087885, 1.087935,
1, 20200225  18:48:00, 1.087935, 1.08789, 1.087935, 1.087895,
1, 20200225  18:49:00, 1.087895, 1.087855, 1.087895, 1.087865,
1, 20200225  18:50:00, 1.08787, 1.087845, 1.087865, 1.087845,
1, 20200225  18:51:00, 1.087855, 1.087825, 1.087845, 1.087835,
1, 20200225  18:52:00, 1.08787, 1.087825, 1.087835, 1.087825,
1, 20200225  18:53:00, 1.08785, 1.08778, 1.087825, 1.087845,
1, 20200225  18:54:00, 1.087875, 1.087845, 1.087845, 1.087875,
1, 20200225  18:55:00, 1.08789, 1.08787, 1.087875, 1.08788,
1, 20200225  18:56:00, 1.08788, 1.087875, 1.08788, 1.08788,
1, 20200225  18:57:00, 1.087885, 1.087875, 1.08788, 1.087885,
1, 20200225  18:58:00, 1.087935, 1.087885, 1.087885, 1.087935,
1, 20200225  18:59:00, 1.088015, 1.087915, 1.087935, 1.087995,
1, 20200225  19:00:00, 1.087995, 1.08788, 1.087995, 1.08793,
1, 20200225  19:01:00, 1.087935, 1.087825, 1.08793, 1.087825,
1, 20200225  19:02:00, 1.08787, 1.08782, 1.087825, 1.087835,
1, 20200225  19:03:00, 1.087835, 1.087615, 1.087835, 1.08773,
1, 20200225  19:04:00, 1.08778, 1.08769, 1.08773, 1.08778,
1, 20200225  19:05:00, 1.08778, 1.08767, 1.08778, 1.08773,
1, 20200225  19:06:00, 1.08777, 1.0876, 1.08773, 1.087625,
1, 20200225  19:07:00, 1.087685, 1.087625, 1.087625, 1.08767,
1, 20200225  19:08:00, 1.087735, 1.08767, 1.08767, 1.087705,
1, 20200225  19:09:00, 1.087705, 1.08767, 1.087705, 1.08767,
1, 20200225  19:10:00, 1.087725, 1.087595, 1.08767, 1.087605,
1, 20200225  19:11:00, 1.087625, 1.087565, 1.087605, 1.087625,
1, 20200225  19:12:00, 1.08773, 1.087585, 1.087625, 1.087635,
1, 20200225  19:13:00, 1.087675, 1.087635, 1.087635, 1.087645,
1, 20200225  19:14:00, 1.08769, 1.087615, 1.087645, 1.087625,
1, 20200225  19:15:00, 1.087715, 1.087625, 1.087625, 1.087715,
1, 20200225  19:16:00, 1.08777, 1.087615, 1.087715, 1.087625,
1, 20200225  19:17:00, 1.087665, 1.087565, 1.087625, 1.087565,
1, 20200225  19:18:00, 1.087595, 1.087565, 1.087565, 1.087565,
1, 20200225  19:19:00, 1.087605, 1.08756, 1.087565, 1.087565,
1, 20200225  19:20:00, 1.087615, 1.0873, 1.087565, 1.087315,
1, 20200225  19:21:00, 1.087405, 1.087205, 1.087315, 1.087215,
1, 20200225  19:22:00, 1.087265, 1.087005, 1.087215, 1.087005,
1, 20200225  19:23:00, 1.08703, 1.086915, 1.087005, 1.086985,
1, 20200225  19:24:00, 1.087125, 1.086975, 1.086985, 1.087095,
1, 20200225  19:25:00, 1.087185, 1.087075, 1.087095, 1.08708,
1, 20200225  19:26:00, 1.087095, 1.086975, 1.08708, 1.086985,
1, 20200225  19:27:00, 1.086995, 1.086925, 1.086985, 1.086945,
1, 20200225  19:28:00, 1.086945, 1.086785, 1.086945, 1.086835,
1, 20200225  19:29:00, 1.086895, 1.086755, 1.086835, 1.08677,
1, 20200225  19:30:00, 1.086845, 1.08674, 1.08677, 1.086825,
1, 20200225  19:31:00, 1.086845, 1.086755, 1.086825, 1.08678,
1, 20200225  19:32:00, 1.08695, 1.086775, 1.08678, 1.086855,
1, 20200225  19:33:00, 1.086865, 1.086825, 1.086855, 1.086845,
1, 20200225  19:34:00, 1.08695, 1.086845, 1.086845, 1.08694,
1, 20200225  19:35:00, 1.08709, 1.08694, 1.08694, 1.087085,
1, 20200225  19:36:00, 1.087085, 1.086985, 1.087085, 1.08703,
1, 20200225  19:37:00, 1.087125, 1.08703, 1.08703, 1.087095,
1, 20200225  19:38:00, 1.08713, 1.086985, 1.087095, 1.086995,
1, 20200225  19:39:00, 1.08704, 1.08698, 1.086995, 1.08703,
1, 20200225  19:40:00, 1.08704, 1.08698, 1.08703, 1.08704,
1, 20200225  19:41:00, 1.08712, 1.087035, 1.08704, 1.087095,
1, 20200225  19:42:00, 1.087095, 1.087035, 1.087095, 1.087035,
1, 20200225  19:43:00, 1.08704, 1.086945, 1.087035, 1.086945,
1, 20200225  19:44:00, 1.086945, 1.08688, 1.086945, 1.086885,
1, 20200225  19:45:00, 1.087015, 1.086885, 1.086885, 1.086975,
1, 20200225  19:46:00, 1.08698, 1.086945, 1.086975, 1.086945,
1, 20200225  19:47:00, 1.086985, 1.086925, 1.086945, 1.086945,
1, 20200225  19:48:00, 1.086985, 1.086945, 1.086945, 1.086975,
1, 20200225  19:49:00, 1.08699, 1.086965, 1.086975, 1.08699,
1, 20200225  19:50:00, 1.08699, 1.086905, 1.08699, 1.086925,
1, 20200225  19:51:00, 1.086935, 1.086885, 1.086925, 1.086885,
1, 20200225  19:52:00, 1.086915, 1.086845, 1.086885, 1.086905,
1, 20200225  19:53:00, 1.086915, 1.086885, 1.086905, 1.086895,
1, 20200225  19:54:00, 1.08697, 1.086865, 1.086895, 1.08697,
1, 20200225  19:55:00, 1.086995, 1.086925, 1.08697, 1.086935,
1, 20200225  19:56:00, 1.086965, 1.086885, 1.086935, 1.08692,
1, 20200225  19:57:00, 1.086945, 1.086865, 1.08692, 1.086885,
1, 20200225  19:58:00, 1.086885, 1.086825, 1.086885, 1.086885,
1, 20200225  19:59:00, 1.08703, 1.086875, 1.086885, 1.086995,
1, 20200225  20:00:00, 1.087085, 1.08694, 1.086995, 1.087005,
1, 20200225  20:01:00, 1.087035, 1.086975, 1.087005, 1.08703,
1, 20200225  20:02:00, 1.087105, 1.087015, 1.08703, 1.087055,
1, 20200225  20:03:00, 1.087295, 1.087055, 1.087055, 1.08721,
1, 20200225  20:04:00, 1.087245, 1.08706, 1.08721, 1.087085,
1, 20200225  20:05:00, 1.087195, 1.087055, 1.087085, 1.087065,
1, 20200225  20:06:00, 1.087185, 1.087065, 1.087065, 1.087175,
1, 20200225  20:07:00, 1.087215, 1.087125, 1.087175, 1.087125,
1, 20200225  20:08:00, 1.087155, 1.087125, 1.087125, 1.087135,
1, 20200225  20:09:00, 1.087135, 1.086915, 1.087135, 1.08707,
1, 20200225  20:10:00, 1.08711, 1.087005, 1.08707, 1.0871,
1, 20200225  20:11:00, 1.087125, 1.087035, 1.0871, 1.08708,
1, 20200225  20:12:00, 1.087185, 1.087075, 1.08708, 1.087165,
1, 20200225  20:13:00, 1.087165, 1.08709, 1.087165, 1.087135,
1, 20200225  20:14:00, 1.087295, 1.087125, 1.087135, 1.087275,
1, 20200225  20:15:00, 1.087285, 1.087175, 1.087275, 1.08723,
1, 20200225  20:16:00, 1.087285, 1.087215, 1.08723, 1.08724,
1, 20200225  20:17:00, 1.08726, 1.087165, 1.08724, 1.08719,
1, 20200225  20:18:00, 1.08729, 1.087185, 1.08719, 1.087275,
1, 20200225  20:19:00, 1.08734, 1.087265, 1.087275, 1.087335,
1, 20200225  20:20:00, 1.087405, 1.08733, 1.087335, 1.087385,
1, 20200225  20:21:00, 1.087425, 1.087345, 1.087385, 1.08742,
1, 20200225  20:22:00, 1.087445, 1.087365, 1.08742, 1.087445,
1, 20200225  20:23:00, 1.08748, 1.087425, 1.087445, 1.08748,
1, 20200225  20:24:00, 1.087495, 1.087385, 1.08748, 1.087385,
1, 20200225  20:25:00, 1.08739, 1.08728, 1.087385, 1.087325,
1, 20200225  20:26:00, 1.087335, 1.087315, 1.087325, 1.087325,
1, 20200225  20:27:00, 1.087385, 1.087295, 1.087325, 1.087325,
1, 20200225  20:28:00, 1.087445, 1.087285, 1.087325, 1.087435,
1, 20200225  20:29:00, 1.087475, 1.08738, 1.087435, 1.08738,
1, 20200225  20:30:00, 1.08742, 1.087325, 1.08738, 1.087345,
1, 20200225  20:31:00, 1.087405, 1.087345, 1.087345, 1.08736,
1, 20200225  20:32:00, 1.087375, 1.087315, 1.08736, 1.087335,
1, 20200225  20:33:00, 1.08734, 1.087215, 1.087335, 1.087285,
1, 20200225  20:34:00, 1.087305, 1.08722, 1.087285, 1.087275,
1, 20200225  20:35:00, 1.087295, 1.087115, 1.087275, 1.08714,
1, 20200225  20:36:00, 1.087225, 1.087135, 1.08714, 1.08721,
1, 20200225  20:37:00, 1.087215, 1.08714, 1.08721, 1.087175,
1, 20200225  20:38:00, 1.087215, 1.087175, 1.087175, 1.087215,
1, 20200225  20:39:00, 1.087235, 1.087185, 1.087215, 1.08721,
1, 20200225  20:40:00, 1.087215, 1.08713, 1.08721, 1.087185,
1, 20200225  20:41:00, 1.087235, 1.087155, 1.087185, 1.087235,
1, 20200225  20:42:00, 1.087255, 1.08723, 1.087235, 1.087245,
1, 20200225  20:43:00, 1.087245, 1.087195, 1.087245, 1.087195,
1, 20200225  20:44:00, 1.087225, 1.087165, 1.087195, 1.087195,
1, 20200225  20:45:00, 1.087215, 1.087155, 1.087195, 1.087175,
1, 20200225  20:46:00, 1.08723, 1.087155, 1.087175, 1.087215,
1, 20200225  20:47:00, 1.087285, 1.08721, 1.087215, 1.087245,
1, 20200225  20:48:00, 1.087265, 1.087225, 1.087245, 1.087235,
1, 20200225  20:49:00, 1.087325, 1.087235, 1.087235, 1.087265,
1, 20200225  20:50:00, 1.087265, 1.087225, 1.087265, 1.087255,
1, 20200225  20:51:00, 1.087345, 1.087245, 1.087255, 1.08732,
1, 20200225  20:52:00, 1.087335, 1.087285, 1.08732, 1.087295,
1, 20200225  20:53:00, 1.087295, 1.087225, 1.087295, 1.087285,
1, 20200225  20:54:00, 1.087285, 1.087235, 1.087285, 1.087285,
1, 20200225  20:55:00, 1.087295, 1.087235, 1.087285, 1.087295,
1, 20200225  20:56:00, 1.0873, 1.08726, 1.087295, 1.087285,
1, 20200225  20:57:00, 1.087335, 1.087285, 1.087285, 1.087325,
1, 20200225  20:58:00, 1.08739, 1.08732, 1.087325, 1.08739,
1, 20200225  20:59:00, 1.087405, 1.08738, 1.08739, 1.087405,
1, 20200225  21:00:00, 1.087405, 1.08733, 1.087405, 1.087345,
1, 20200225  21:01:00, 1.087345, 1.087285, 1.087345, 1.087295,
1, 20200225  21:02:00, 1.087385, 1.08729, 1.087295, 1.08733,
1, 20200225  21:03:00, 1.08737, 1.087305, 1.08733, 1.087345,
1, 20200225  21:04:00, 1.087385, 1.08732, 1.087345, 1.087385,
1, 20200225  21:05:00, 1.087395, 1.087325, 1.087385, 1.087355,
1, 20200225  21:06:00, 1.087375, 1.08728, 1.087355, 1.087295,
1, 20200225  21:07:00, 1.087335, 1.087285, 1.087295, 1.087335,
1, 20200225  21:08:00, 1.087335, 1.0873, 1.087335, 1.087315,
1, 20200225  21:09:00, 1.087345, 1.08726, 1.087315, 1.0873,
1, 20200225  21:10:00, 1.08738, 1.0873, 1.0873, 1.087335,
1, 20200225  21:11:00, 1.08743, 1.087295, 1.087335, 1.087405,
1, 20200225  21:12:00, 1.08742, 1.087345, 1.087405, 1.087395,
1, 20200225  21:13:00, 1.08743, 1.087355, 1.087395, 1.087365,
1, 20200225  21:14:00, 1.087365, 1.087005, 1.087365, 1.087005,
1, 20200225  21:15:00, 1.08712, 1.086945, 1.087005, 1.08703,
1, 20200225  21:16:00, 1.087085, 1.086985, 1.08703, 1.087075,
1, 20200225  21:17:00, 1.087145, 1.087055, 1.087075, 1.087125,
1, 20200225  21:18:00, 1.087175, 1.087085, 1.087125, 1.087145,
1, 20200225  21:19:00, 1.087185, 1.087015, 1.087145, 1.087035,
1, 20200225  21:20:00, 1.087065, 1.087035, 1.087035, 1.087035,
1, 20200225  21:21:00, 1.087125, 1.08703, 1.087035, 1.087035,
1, 20200225  21:22:00, 1.087125, 1.087035, 1.087035, 1.087125,
1, 20200225  21:23:00, 1.087125, 1.087025, 1.087125, 1.087035,
1, 20200225  21:24:00, 1.087075, 1.086925, 1.087035, 1.08694,
1, 20200225  21:25:00, 1.08695, 1.086915, 1.08694, 1.086945,
1, 20200225  21:26:00, 1.08697, 1.086915, 1.086945, 1.086935,
1, 20200225  21:27:00, 1.086975, 1.086935, 1.086935, 1.08697,
1, 20200225  21:28:00, 1.086975, 1.086935, 1.08697, 1.086945,
1, 20200225  21:29:00, 1.087075, 1.086945, 1.086945, 1.086975,
1, 20200225  21:30:00, 1.08704, 1.08686, 1.086975, 1.086925,
1, 20200225  21:31:00, 1.086945, 1.08686, 1.086925, 1.086875,
1, 20200225  21:32:00, 1.086875, 1.08671, 1.086875, 1.08677,
1, 20200225  21:33:00, 1.086795, 1.086655, 1.08677, 1.086715,
1, 20200225  21:34:00, 1.086735, 1.08668, 1.086715, 1.08668,
1, 20200225  21:35:00, 1.086775, 1.08659, 1.08668, 1.086665,
1, 20200225  21:36:00, 1.086735, 1.086555, 1.086665, 1.086635,
1, 20200225  21:37:00, 1.086655, 1.08651, 1.086635, 1.086525,
1, 20200225  21:38:00, 1.086655, 1.086525, 1.086525, 1.086595,
1, 20200225  21:39:00, 1.086665, 1.08651, 1.086595, 1.08651,
1, 20200225  21:40:00, 1.08653, 1.086245, 1.08651, 1.086315,
1, 20200225  21:41:00, 1.086445, 1.086275, 1.086315, 1.08633,
1, 20200225  21:42:00, 1.08639, 1.08625, 1.08633, 1.086385,
1, 20200225  21:43:00, 1.086575, 1.086385, 1.086385, 1.086515,
1, 20200225  21:44:00, 1.086555, 1.086445, 1.086515, 1.086525,
1, 20200225  21:45:00, 1.086575, 1.086425, 1.086525, 1.086475,
1, 20200225  21:46:00, 1.086535, 1.086425, 1.086475, 1.086435,
1, 20200225  21:47:00, 1.086485, 1.08643, 1.086435, 1.086445,
1, 20200225  21:48:00, 1.0865, 1.086445, 1.086445, 1.086495,
1, 20200225  21:49:00, 1.086575, 1.08644, 1.086495, 1.086535,
1, 20200225  21:50:00, 1.086635, 1.086505, 1.086535, 1.086555,
1, 20200225  21:51:00, 1.086635, 1.08648, 1.086555, 1.08657,
1, 20200225  21:52:00, 1.086595, 1.086565, 1.08657, 1.08659,
1, 20200225  21:53:00, 1.086645, 1.086535, 1.08659, 1.086635,
1, 20200225  21:54:00, 1.086685, 1.086635, 1.086635, 1.086665,
1, 20200225  21:55:00, 1.086685, 1.086625, 1.086665, 1.086685,
1, 20200225  21:56:00, 1.086735, 1.08663, 1.086685, 1.086665,
1, 20200225  21:57:00, 1.08677, 1.086665, 1.086665, 1.08677,
1, 20200225  21:58:00, 1.086815, 1.086735, 1.08677, 1.086785,
1, 20200225  21:59:00, 1.08686, 1.086785, 1.086785, 1.086835,
1, 20200225  22:00:00, 1.086875, 1.086825, 1.086835, 1.086845,
1, 20200225  22:01:00, 1.086875, 1.086745, 1.086845, 1.08677,
1, 20200225  22:02:00, 1.086895, 1.086735, 1.08677, 1.08688,
1, 20200225  22:03:00, 1.087015, 1.08683, 1.08688, 1.086945,
1, 20200225  22:04:00, 1.086985, 1.086935, 1.086945, 1.08694,
1, 20200225  22:05:00, 1.086965, 1.086935, 1.08694, 1.08694,
1, 20200225  22:06:00, 1.086985, 1.086935, 1.08694, 1.086965,
1, 20200225  22:07:00, 1.086975, 1.086945, 1.086965, 1.086945,
1, 20200225  22:08:00, 1.087015, 1.086935, 1.086945, 1.086945,
1, 20200225  22:09:00, 1.086995, 1.08694, 1.086945, 1.08697,
1, 20200225  22:10:00, 1.08704, 1.08695, 1.08697, 1.086995,
1, 20200225  22:11:00, 1.087005, 1.08694, 1.086995, 1.08694,
1, 20200225  22:12:00, 1.08695, 1.08684, 1.08694, 1.08695,
1, 20200225  22:13:00, 1.086975, 1.086895, 1.08695, 1.086945,
1, 20200225  22:14:00, 1.086945, 1.086845, 1.086945, 1.086855,
1, 20200225  22:15:00, 1.086875, 1.086775, 1.086855, 1.086795,
1, 20200225  22:16:00, 1.086845, 1.08679, 1.086795, 1.086835,
1, 20200225  22:17:00, 1.086855, 1.08682, 1.086835, 1.086845,
1, 20200225  22:18:00, 1.086875, 1.08684, 1.086845, 1.086875,
1, 20200225  22:19:00, 1.08692, 1.086835, 1.086875, 1.086845,
1, 20200225  22:20:00, 1.086845, 1.086785, 1.086845, 1.086795,
1, 20200225  22:21:00, 1.0868, 1.08673, 1.086795, 1.086735,
1, 20200225  22:22:00, 1.086785, 1.08673, 1.086735, 1.086775,
1, 20200225  22:23:00, 1.086785, 1.08677, 1.086775, 1.086785,
1, 20200225  22:24:00, 1.086795, 1.086775, 1.086785, 1.086775,
1, 20200225  22:25:00, 1.086775, 1.08672, 1.086775, 1.086745,
1, 20200225  22:26:00, 1.086755, 1.086725, 1.086745, 1.086745,
1, 20200225  22:27:00, 1.086745, 1.086565, 1.086745, 1.086625,
1, 20200225  22:28:00, 1.086655, 1.086615, 1.086625, 1.086625,
1, 20200225  22:29:00, 1.086655, 1.086555, 1.086625, 1.086555,
1, 20200225  22:30:00, 1.08659, 1.08653, 1.086555, 1.08655,
1, 20200225  22:31:00, 1.086625, 1.08655, 1.08655, 1.086625,
1, 20200225  22:32:00, 1.086665, 1.086595, 1.086625, 1.086625,
1, 20200225  22:33:00, 1.086685, 1.086595, 1.086625, 1.086595,
1, 20200225  22:34:00, 1.086615, 1.086535, 1.086595, 1.086545,
1, 20200225  22:35:00, 1.086595, 1.086535, 1.086545, 1.086545,
1, 20200225  22:36:00, 1.086595, 1.086545, 1.086545, 1.086575,
1, 20200225  22:37:00, 1.086595, 1.08651, 1.086575, 1.08651,
1, 20200225  22:38:00, 1.086565, 1.08651, 1.08651, 1.086565,
1, 20200225  22:39:00, 1.086665, 1.086565, 1.086565, 1.086645,
1, 20200225  22:40:00, 1.086655, 1.086615, 1.086645, 1.086625,
1, 20200225  22:41:00, 1.086625, 1.08654, 1.086625, 1.08657,
1, 20200225  22:42:00, 1.086595, 1.086545, 1.08657, 1.086575,
1, 20200225  22:43:00, 1.086625, 1.08657, 1.086575, 1.08662,
1, 20200225  22:44:00, 1.08662, 1.086565, 1.08662, 1.086615,
1, 20200225  22:45:00, 1.086615, 1.086545, 1.086615, 1.0866,
1, 20200225  22:46:00, 1.0866, 1.086565, 1.0866, 1.0866,
1, 20200225  22:47:00, 1.08666, 1.0866, 1.0866, 1.086635,
1, 20200225  22:48:00, 1.086645, 1.086615, 1.086635, 1.086615,
1, 20200225  22:49:00, 1.086635, 1.086595, 1.086615, 1.08662,
1, 20200225  22:50:00, 1.086625, 1.086535, 1.08662, 1.086615,
1, 20200225  22:51:00, 1.08663, 1.086545, 1.086615, 1.08656,
1, 20200225  22:52:00, 1.086575, 1.086545, 1.08656, 1.08656,
1, 20200225  22:53:00, 1.086565, 1.086505, 1.08656, 1.086555,
1, 20200225  22:54:00, 1.086635, 1.086545, 1.086555, 1.086625,
1, 20200225  22:55:00, 1.086635, 1.086595, 1.086625, 1.086625,
1, 20200225  22:56:00, 1.086755, 1.086625, 1.086625, 1.086735,
1, 20200225  22:57:00, 1.086775, 1.08672, 1.086735, 1.08677,
1, 20200225  22:58:00, 1.08677, 1.086665, 1.08677, 1.086685,
1, 20200225  22:59:00, 1.086735, 1.08664, 1.086685, 1.086665,
1, 20200225  23:00:00, 1.086735, 1.08666, 1.086665, 1.086725,
1, 20200225  23:01:00, 1.08675, 1.086655, 1.086725, 1.086675,
1, 20200225  23:02:00, 1.086715, 1.086635, 1.086675, 1.086715,
1, 20200225  23:03:00, 1.08675, 1.086655, 1.086715, 1.086655,
1, 20200225  23:04:00, 1.08666, 1.086585, 1.086655, 1.08662,
1, 20200225  23:05:00, 1.086655, 1.086615, 1.08662, 1.08664,
1, 20200225  23:06:00, 1.086645, 1.086615, 1.08664, 1.086635,
1, 20200225  23:07:00, 1.086685, 1.086625, 1.086635, 1.08668,
1, 20200225  23:08:00, 1.086715, 1.08668, 1.08668, 1.08671,
1, 20200225  23:09:00, 1.086725, 1.08669, 1.08671, 1.086715,
1, 20200225  23:10:00, 1.08677, 1.086715, 1.086715, 1.086745,
1, 20200225  23:11:00, 1.086755, 1.086735, 1.086745, 1.086755,
1, 20200225  23:12:00, 1.086835, 1.086755, 1.086755, 1.086835,
1, 20200225  23:13:00, 1.08688, 1.086825, 1.086835, 1.086855,
1, 20200225  23:14:00, 1.086905, 1.086845, 1.086855, 1.086845,
1, 20200225  23:15:00, 1.086845, 1.086795, 1.086845, 1.086815,
1, 20200225  23:16:00, 1.086815, 1.086735, 1.086815, 1.086745,
1, 20200225  23:17:00, 1.086755, 1.08664, 1.086745, 1.086655,
1, 20200225  23:18:00, 1.086675, 1.086615, 1.086655, 1.086615,
1, 20200225  23:19:00, 1.08668, 1.086615, 1.086615, 1.086665,
1, 20200225  23:20:00, 1.08673, 1.086665, 1.086665, 1.086725,
1, 20200225  23:21:00, 1.08673, 1.086725, 1.086725, 1.086725,
1, 20200225  23:22:00, 1.086745, 1.086615, 1.086725, 1.08664,
1, 20200225  23:23:00, 1.086655, 1.086635, 1.08664, 1.08665,
1, 20200225  23:24:00, 1.086685, 1.08664, 1.08665, 1.086685,
1, 20200225  23:25:00, 1.086685, 1.086655, 1.086685, 1.086665,
1, 20200225  23:26:00, 1.086665, 1.086615, 1.086665, 1.08662,
1, 20200225  23:27:00, 1.08668, 1.08662, 1.08662, 1.086665,
1, 20200225  23:28:00, 1.086725, 1.086655, 1.086665, 1.086685,
1, 20200225  23:29:00, 1.086725, 1.086685, 1.086685, 1.086725,
1, 20200225  23:30:00, 1.086765, 1.086705, 1.086725, 1.086715,
1, 20200225  23:31:00, 1.08672, 1.086685, 1.086715, 1.086715,
1, 20200225  23:32:00, 1.08674, 1.08668, 1.086715, 1.086735,
1, 20200225  23:33:00, 1.086755, 1.086635, 1.086735, 1.086655,
1, 20200225  23:34:00, 1.08677, 1.086655, 1.086655, 1.086755,
1, 20200225  23:35:00, 1.086775, 1.08675, 1.086755, 1.08677,
1, 20200225  23:36:00, 1.086775, 1.086715, 1.08677, 1.08677,
1, 20200225  23:37:00, 1.08677, 1.08669, 1.08677, 1.086715,
1, 20200225  23:38:00, 1.086785, 1.086715, 1.086715, 1.086755,
1, 20200225  23:39:00, 1.086775, 1.086655, 1.086755, 1.08666,
1, 20200225  23:40:00, 1.086685, 1.0866, 1.08666, 1.0866,
1, 20200225  23:41:00, 1.086635, 1.0866, 1.0866, 1.086615,
1, 20200225  23:42:00, 1.08665, 1.0866, 1.086615, 1.086605,
1, 20200225  23:43:00, 1.08677, 1.086605, 1.086605, 1.086755,
1, 20200225  23:44:00, 1.086755, 1.086665, 1.086755, 1.086705,
1, 20200225  23:45:00, 1.086715, 1.086665, 1.086705, 1.086675,
1, 20200225  23:46:00, 1.086715, 1.086655, 1.086675, 1.086665,
1, 20200225  23:47:00, 1.086685, 1.086615, 1.086665, 1.086655,
1, 20200225  23:48:00, 1.08669, 1.08659, 1.086655, 1.086645,
1, 20200225  23:49:00, 1.086665, 1.086625, 1.086645, 1.086655,
1, 20200225  23:50:00, 1.086685, 1.086615, 1.086655, 1.086665,
1, 20200225  23:51:00, 1.08671, 1.086655, 1.086665, 1.08671,
1, 20200225  23:52:00, 1.086765, 1.08671, 1.08671, 1.086755,
1, 20200225  23:53:00, 1.08677, 1.086755, 1.086755, 1.08677,
1, 20200225  23:54:00, 1.08677, 1.086735, 1.08677, 1.086755,
1, 20200225  23:55:00, 1.08677, 1.086745, 1.086755, 1.086755,
1, 20200225  23:56:00, 1.08683, 1.086755, 1.086755, 1.086815,
1, 20200225  23:57:00, 1.086815, 1.086755, 1.086815, 1.086765,
1, 20200225  23:58:00, 1.086815, 1.086755, 1.086765, 1.086815,
1, 20200225  23:59:00, 1.086815, 1.086715, 1.086815, 1.086755,
